{
    "camera_angle_x": 0.691111147403717,
    "frames": [
        {
            "file_path": "./D/r_000",
            "rotation": 0.09519977738150888,
            "time": 0.3,
            "transform_matrix": [
                [
                    -4.371138828673793e-08,
                    -0.9848077297210693,
                    0.17364820837974548,
                    0.9154918789863586
                ],
                [
                    1.0,
                    -2.5731488051405904e-08,
                    1.0579332609950143e-07,
                    0.0027184486389160156
                ],
                [
                    -9.971785885909412e-08,
                    0.17364820837974548,
                    0.9848077297210693,
                    5.088245868682861
                ],
                [
                    0.0,
                    0.0,
                    0.0,
                    1.0
                ]
            ]
        },
        {
            "file_path": "./D/r_001",
            "rotation": 0.09519977738150888,
            "time": 0.3,
            "transform_matrix": [
                [
                    -0.8660253882408142,
                    -0.49240392446517944,
                    0.08682398498058319,
                    0.4647705554962158
                ],
                [
                    0.5000000596046448,
                    -0.8528684973716736,
                    0.15038368105888367,
                    0.7833907008171082
                ],
                [
                    -7.47703694514712e-08,
                    0.17364808917045593,
                    0.9848077893257141,
                    5.088245868682861
                ],
                [
                    0.0,
                    0.0,
                    0.0,
                    1.0
                ]
            ]
        },
        {
            "file_path": "./D/r_002",
            "rotation": 0.09519977738150888,
            "time": 0.3,
            "transform_matrix": [
                [
                    -0.8660253882408142,
                    0.49240392446517944,
                    -0.08682398498058319,
                    -0.4366720914840698
                ],
                [
                    -0.5000000596046448,
                    -0.8528684973716736,
                    0.15038368105888367,
                    0.7833907008171082
                ],
                [
                    7.47703694514712e-08,
                    0.17364808917045593,
                    0.9848077893257141,
                    5.088245868682861
                ],
                [
                    0.0,
                    0.0,
                    0.0,
                    1.0
                ]
            ]
        },
        {
            "file_path": "./D/r_003",
            "rotation": 0.09519977738150888,
            "time": 0.3,
            "transform_matrix": [
                [
                    -4.371138828673793e-08,
                    0.9848077297210693,
                    -0.17364820837974548,
                    -0.8873934149742126
                ],
                [
                    -1.0,
                    -2.5731488051405904e-08,
                    1.0579332609950143e-07,
                    0.0027184486389160156
                ],
                [
                    9.971785885909412e-08,
                    0.17364820837974548,
                    0.9848077297210693,
                    5.088245868682861
                ],
                [
                    0.0,
                    0.0,
                    0.0,
                    1.0
                ]
            ]
        },
        {
            "file_path": "./D/r_004",
            "rotation": 0.09519977738150888,
            "time": 0.3,
            "transform_matrix": [
                [
                    0.8660253882408142,
                    0.49240392446517944,
                    -0.08682423084974289,
                    -0.4366720914840698
                ],
                [
                    -0.5000000596046448,
                    0.8528684973716736,
                    -0.1503838300704956,
                    -0.7779538035392761
                ],
                [
                    6.365647919892581e-08,
                    0.17364832758903503,
                    0.9848077297210693,
                    5.088245868682861
                ],
                [
                    0.0,
                    0.0,
                    0.0,
                    1.0
                ]
            ]
        },
        {
            "file_path": "./D/r_005",
            "rotation": 0.09519977738150888,
            "time": 0.3,
            "transform_matrix": [
                [
                    0.8660253882408142,
                    -0.49240392446517944,
                    0.08682423084974289,
                    0.4647705554962158
                ],
                [
                    0.5000000596046448,
                    0.8528684973716736,
                    -0.1503838300704956,
                    -0.7779538035392761
                ],
                [
                    -6.365647919892581e-08,
                    0.17364832758903503,
                    0.9848077297210693,
                    5.088245868682861
                ],
                [
                    0.0,
                    0.0,
                    0.0,
                    1.0
                ]
            ]
        },
        {
            "file_path": "./D/r_006",
            "rotation": 0.09519977738150888,
            "time": 0.3,
            "transform_matrix": [
                [
                    -4.371138828673793e-08,
                    -0.8660253882408142,
                    0.5,
                    2.609649896621704
                ],
                [
                    1.0,
                    -1.3018504319006752e-07,
                    -1.3806432264118484e-07,
                    0.0027184486389160156
                ],
                [
                    1.8465972573267209e-07,
                    0.5,
                    0.8660253882408142,
                    4.471622467041016
                ],
                [
                    0.0,
                    0.0,
                    0.0,
                    1.0
                ]
            ]
        },
        {
            "file_path": "./D/r_007",
            "rotation": 0.09519977738150888,
            "time": 0.3,
            "transform_matrix": [
                [
                    -0.8660253882408142,
                    -0.4330126643180847,
                    0.25000014901161194,
                    1.311849594116211
                ],
                [
                    0.5000000596046448,
                    -0.7499998807907104,
                    0.43301281332969666,
                    2.2505745887756348
                ],
                [
                    4.126710351215479e-08,
                    0.5000001788139343,
                    0.8660253286361694,
                    4.471622467041016
                ],
                [
                    0.0,
                    0.0,
                    0.0,
                    1.0
                ]
            ]
        },
        {
            "file_path": "./D/r_008",
            "rotation": 0.09519977738150888,
            "time": 0.3,
            "transform_matrix": [
                [
                    -0.8660253882408142,
                    0.4330126643180847,
                    -0.25000014901161194,
                    -1.283751130104065
                ],
                [
                    -0.5000000596046448,
                    -0.7499998807907104,
                    0.43301281332969666,
                    2.2505745887756348
                ],
                [
                    -4.126710351215479e-08,
                    0.5000001788139343,
                    0.8660253286361694,
                    4.471622467041016
                ],
                [
                    0.0,
                    0.0,
                    0.0,
                    1.0
                ]
            ]
        },
        {
            "file_path": "./D/r_009",
            "rotation": 0.09519977738150888,
            "time": 0.3,
            "transform_matrix": [
                [
                    -4.371138828673793e-08,
                    0.8660253882408142,
                    -0.5,
                    -2.5815513134002686
                ],
                [
                    -1.0,
                    -1.3018504319006752e-07,
                    -1.3806432264118484e-07,
                    0.0027184486389160156
                ],
                [
                    -1.8465972573267209e-07,
                    0.5,
                    0.8660253882408142,
                    4.471622467041016
                ],
                [
                    0.0,
                    0.0,
                    0.0,
                    1.0
                ]
            ]
        },
        {
            "file_path": "./D/r_010",
            "rotation": 0.09519977738150888,
            "time": 0.3,
            "transform_matrix": [
                [
                    0.8660253882408142,
                    0.4330127537250519,
                    -0.24999994039535522,
                    -1.283751130104065
                ],
                [
                    -0.5,
                    0.75,
                    -0.4330126941204071,
                    -2.2451376914978027
                ],
                [
                    -6.443080025064774e-08,
                    0.4999999701976776,
                    0.866025447845459,
                    4.471622467041016
                ],
                [
                    0.0,
                    0.0,
                    0.0,
                    1.0
                ]
            ]
        },
        {
            "file_path": "./D/r_011",
            "rotation": 0.09519977738150888,
            "time": 0.3,
            "transform_matrix": [
                [
                    0.8660253882408142,
                    -0.4330127537250519,
                    0.24999994039535522,
                    1.311849594116211
                ],
                [
                    0.5,
                    0.75,
                    -0.4330126941204071,
                    -2.2451376914978027
                ],
                [
                    6.443080025064774e-08,
                    0.4999999701976776,
                    0.866025447845459,
                    4.471622467041016
                ],
                [
                    0.0,
                    0.0,
                    0.0,
                    1.0
                ]
            ]
        },
        {
            "file_path": "./D/r_012",
            "rotation": 0.09519977738150888,
            "time": 0.3,
            "transform_matrix": [
                [
                    -4.371138828673793e-08,
                    -0.6427876353263855,
                    0.7660444378852844,
                    3.9907400608062744
                ],
                [
                    1.0,
                    -2.809714061413615e-08,
                    3.34848664351739e-08,
                    0.0027184486389160156
                ],
                [
                    0.0,
                    0.7660444378852844,
                    0.6427876353263855,
                    3.3127503395080566
                ],
                [
                    0.0,
                    0.0,
                    0.0,
                    1.0
                ]
            ]
        },
        {
            "file_path": "./D/r_013",
            "rotation": 0.09519977738150888,
            "time": 0.3,
            "transform_matrix": [
                [
                    -0.8660253882408142,
                    -0.3213938772678375,
                    0.3830222189426422,
                    2.002394676208496
                ],
                [
                    0.5000000596046448,
                    -0.5566703081130981,
                    0.6634140014648438,
                    3.446633815765381
                ],
                [
                    -9.13185118633919e-08,
                    0.7660444974899292,
                    0.6427875757217407,
                    3.3127503395080566
                ],
                [
                    0.0,
                    0.0,
                    0.0,
                    1.0
                ]
            ]
        },
        {
            "file_path": "./D/r_014",
            "rotation": 0.09519977738150888,
            "time": 0.3,
            "transform_matrix": [
                [
                    -0.8660253882408142,
                    0.3213938772678375,
                    -0.3830222189426422,
                    -1.97429621219635
                ],
                [
                    -0.5000000596046448,
                    -0.5566703081130981,
                    0.6634140014648438,
                    3.446633815765381
                ],
                [
                    9.13185118633919e-08,
                    0.7660444974899292,
                    0.6427875757217407,
                    3.3127503395080566
                ],
                [
                    0.0,
                    0.0,
                    0.0,
                    1.0
                ]
            ]
        },
        {
            "file_path": "./D/r_015",
            "rotation": 0.09519977738150888,
            "time": 0.3,
            "transform_matrix": [
                [
                    -1.6292068494294654e-07,
                    0.642787516117096,
                    -0.7660444974899292,
                    -3.962641716003418
                ],
                [
                    -1.0,
                    -1.9053574362715153e-07,
                    5.27993826437978e-08,
                    0.0027184486389160156
                ],
                [
                    -1.1202008209920677e-07,
                    0.7660444974899292,
                    0.642787516117096,
                    3.3127503395080566
                ],
                [
                    0.0,
                    0.0,
                    0.0,
                    1.0
                ]
            ]
        },
        {
            "file_path": "./D/r_016",
            "rotation": 0.09519977738150888,
            "time": 0.3,
            "transform_matrix": [
                [
                    0.866025447845459,
                    0.3213937282562256,
                    -0.3830222189426422,
                    -1.97429621219635
                ],
                [
                    -0.4999999701976776,
                    0.5566703677177429,
                    -0.6634140014648438,
                    -3.441196918487549
                ],
                [
                    2.1690146567721058e-08,
                    0.7660444974899292,
                    0.6427875757217407,
                    3.3127503395080566
                ],
                [
                    0.0,
                    0.0,
                    0.0,
                    1.0
                ]
            ]
        },
        {
            "file_path": "./D/r_017",
            "rotation": 0.09519977738150888,
            "time": 0.3,
            "transform_matrix": [
                [
                    0.866025447845459,
                    -0.3213937282562256,
                    0.3830222189426422,
                    2.002394676208496
                ],
                [
                    0.4999999701976776,
                    0.5566703677177429,
                    -0.6634140014648438,
                    -3.441196918487549
                ],
                [
                    -2.1690146567721058e-08,
                    0.7660444974899292,
                    0.6427875757217407,
                    3.3127503395080566
                ],
                [
                    0.0,
                    0.0,
                    0.0,
                    1.0
                ]
            ]
        },
        {
            "file_path": "./D/r_018",
            "rotation": 0.09519977738150888,
            "time": 0.3,
            "transform_matrix": [
                [
                    7.549790126404332e-08,
                    -0.34202003479003906,
                    0.9396926760673523,
                    4.89218282699585
                ],
                [
                    1.0,
                    -1.0394853688922012e-07,
                    -1.1817734701935478e-07,
                    0.0027184486389160156
                ],
                [
                    1.3809869869874092e-07,
                    0.9396926760673523,
                    0.34202003479003906,
                    1.7514058351516724
                ],
                [
                    0.0,
                    0.0,
                    0.0,
                    1.0
                ]
            ]
        },
        {
            "file_path": "./D/r_019",
            "rotation": 0.09519977738150888,
            "time": 0.3,
            "transform_matrix": [
                [
                    -0.8660255074501038,
                    -0.17101000249385834,
                    0.4698461592197418,
                    2.453115940093994
                ],
                [
                    0.4999998211860657,
                    -0.2961980402469635,
                    0.8137978315353394,
                    4.227305889129639
                ],
                [
                    -4.8509473771218836e-08,
                    0.9396926760673523,
                    0.34202003479003906,
                    1.7514058351516724
                ],
                [
                    0.0,
                    0.0,
                    0.0,
                    1.0
                ]
            ]
        },
        {
            "file_path": "./D/r_020",
            "rotation": 0.09519977738150888,
            "time": 0.3,
            "transform_matrix": [
                [
                    -0.8660253882408142,
                    0.17101018130779266,
                    -0.46984630823135376,
                    -2.4250175952911377
                ],
                [
                    -0.5000000596046448,
                    -0.2961982190608978,
                    0.813797652721405,
                    4.227305889129639
                ],
                [
                    4.2118056597928444e-08,
                    0.9396925568580627,
                    0.34202027320861816,
                    1.7514058351516724
                ],
                [
                    0.0,
                    0.0,
                    0.0,
                    1.0
                ]
            ]
        },
        {
            "file_path": "./D/r_021",
            "rotation": 0.09519977738150888,
            "time": 0.3,
            "transform_matrix": [
                [
                    -4.371138828673793e-08,
                    0.3420201539993286,
                    -0.9396926164627075,
                    -4.864084243774414
                ],
                [
                    -1.0,
                    4.993499302941018e-08,
                    6.469154101296226e-08,
                    0.0027184486389160156
                ],
                [
                    6.904935645479782e-08,
                    0.9396926164627075,
                    0.3420201539993286,
                    1.7514058351516724
                ],
                [
                    0.0,
                    0.0,
                    0.0,
                    1.0
                ]
            ]
        },
        {
            "file_path": "./D/r_022",
            "rotation": 0.09519977738150888,
            "time": 0.3,
            "transform_matrix": [
                [
                    0.8660253882408142,
                    0.17100998759269714,
                    -0.4698463976383209,
                    -2.4250175952911377
                ],
                [
                    -0.5000000596046448,
                    0.2961980700492859,
                    -0.813797652721405,
                    -4.221868991851807
                ],
                [
                    6.702353516629955e-08,
                    0.9396926760673523,
                    0.34202003479003906,
                    1.7514058351516724
                ],
                [
                    0.0,
                    0.0,
                    0.0,
                    1.0
                ]
            ]
        },
        {
            "file_path": "./D/r_023",
            "rotation": 0.09519977738150888,
            "time": 0.3,
            "transform_matrix": [
                [
                    0.8660253882408142,
                    -0.17100998759269714,
                    0.46984633803367615,
                    2.453115940093994
                ],
                [
                    0.5,
                    0.2961980402469635,
                    -0.8137977123260498,
                    -4.221868991851807
                ],
                [
                    -3.6373403844436325e-08,
                    0.9396926760673523,
                    0.34202003479003906,
                    1.7514058351516724
                ],
                [
                    0.0,
                    0.0,
                    0.0,
                    1.0
                ]
            ]
        },
        {
            "file_path": "./D/r_024",
            "rotation": 0.09519977738150888,
            "time": 0.3,
            "transform_matrix": [
                [
                    -1.6292068494294654e-07,
                    -0.17364798486232758,
                    0.9848077893257141,
                    5.126384735107422
                ],
                [
                    1.0,
                    -6.008669828361235e-08,
                    1.548390997641036e-07,
                    0.0027184486389160156
                ],
                [
                    3.228635492291687e-08,
                    0.9848077893257141,
                    0.17364798486232758,
                    0.8773530721664429
                ],
                [
                    0.0,
                    0.0,
                    0.0,
                    1.0
                ]
            ]
        },
        {
            "file_path": "./D/r_025",
            "rotation": 0.09519977738150888,
            "time": 0.3,
            "transform_matrix": [
                [
                    -0.8660253882408142,
                    -0.08682418614625931,
                    0.49240389466285706,
                    2.5702168941497803
                ],
                [
                    0.5000000596046448,
                    -0.1503835916519165,
                    0.8528685569763184,
                    4.430130481719971
                ],
                [
                    -1.5314070367367094e-07,
                    0.9848077893257141,
                    0.17364810407161713,
                    0.8773530721664429
                ],
                [
                    0.0,
                    0.0,
                    0.0,
                    1.0
                ]
            ]
        },
        {
            "file_path": "./D/r_026",
            "rotation": 0.09519977738150888,
            "time": 0.3,
            "transform_matrix": [
                [
                    -0.8660253882408142,
                    0.08682418614625931,
                    -0.49240389466285706,
                    -2.5421183109283447
                ],
                [
                    -0.5000000596046448,
                    -0.1503835916519165,
                    0.8528685569763184,
                    4.430130481719971
                ],
                [
                    1.5314070367367094e-07,
                    0.9848077893257141,
                    0.17364810407161713,
                    0.8773530721664429
                ],
                [
                    0.0,
                    0.0,
                    0.0,
                    1.0
                ]
            ]
        },
        {
            "file_path": "./D/r_027",
            "rotation": 0.09519977738150888,
            "time": 0.3,
            "transform_matrix": [
                [
                    -1.6292068494294654e-07,
                    0.17364798486232758,
                    -0.9848077893257141,
                    -5.098286151885986
                ],
                [
                    -1.0,
                    -6.008669828361235e-08,
                    1.548390997641036e-07,
                    0.0027184486389160156
                ],
                [
                    -3.228635492291687e-08,
                    0.9848077893257141,
                    0.17364798486232758,
                    0.8773530721664429
                ],
                [
                    0.0,
                    0.0,
                    0.0,
                    1.0
                ]
            ]
        },
        {
            "file_path": "./D/r_028",
            "rotation": 0.09519977738150888,
            "time": 0.3,
            "transform_matrix": [
                [
                    0.8660253882408142,
                    0.08682404458522797,
                    -0.49240395426750183,
                    -2.5421183109283447
                ],
                [
                    -0.5000000596046448,
                    0.15038380026817322,
                    -0.8528684973716736,
                    -4.424693584442139
                ],
                [
                    8.600960654803202e-08,
                    0.9848077297210693,
                    0.17364822328090668,
                    0.8773530721664429
                ],
                [
                    0.0,
                    0.0,
                    0.0,
                    1.0
                ]
            ]
        },
        {
            "file_path": "./D/r_029",
            "rotation": 0.09519977738150888,
            "time": 0.3,
            "transform_matrix": [
                [
                    0.8660253882408142,
                    -0.08682404458522797,
                    0.49240395426750183,
                    2.5702168941497803
                ],
                [
                    0.5000000596046448,
                    0.15038380026817322,
                    -0.8528684973716736,
                    -4.424693584442139
                ],
                [
                    -8.600960654803202e-08,
                    0.9848077297210693,
                    0.17364822328090668,
                    0.8773530721664429
                ],
                [
                    0.0,
                    0.0,
                    0.0,
                    1.0
                ]
            ]
        },
        {
            "file_path": "./D/r_030",
            "rotation": 0.09519977738150888,
            "time": 0.3,
            "transform_matrix": [
                [
                    -4.371138828673793e-08,
                    4.371138828673793e-08,
                    1.0,
                    5.2052507400512695
                ],
                [
                    1.0,
                    1.910685676922942e-15,
                    4.371138828673793e-08,
                    0.0027184486389160156
                ],
                [
                    0.0,
                    1.0,
                    -4.371138828673793e-08,
                    -0.024089545011520386
                ],
                [
                    0.0,
                    0.0,
                    0.0,
                    1.0
                ]
            ]
        },
        {
            "file_path": "./D/r_031",
            "rotation": 0.09519977738150888,
            "time": 0.3,
            "transform_matrix": [
                [
                    -0.8660255074501038,
                    -1.3400840437327588e-08,
                    0.4999998211860657,
                    2.609649896621704
                ],
                [
                    0.4999998211860657,
                    5.821053505883356e-08,
                    0.8660255074501038,
                    4.4984307289123535
                ],
                [
                    -4.071072723377256e-08,
                    1.0,
                    -4.371138828673793e-08,
                    -0.024089545011520386
                ],
                [
                    0.0,
                    0.0,
                    0.0,
                    1.0
                ]
            ]
        },
        {
            "file_path": "./D/r_032",
            "rotation": 0.09519977738150888,
            "time": 0.3,
            "transform_matrix": [
                [
                    -0.8660255074501038,
                    1.3400840437327588e-08,
                    -0.4999998211860657,
                    -2.5815513134002686
                ],
                [
                    -0.4999998211860657,
                    5.821053505883356e-08,
                    0.8660255074501038,
                    4.4984307289123535
                ],
                [
                    4.071072723377256e-08,
                    1.0,
                    -4.371138828673793e-08,
                    -0.024089545011520386
                ],
                [
                    0.0,
                    0.0,
                    0.0,
                    1.0
                ]
            ]
        },
        {
            "file_path": "./D/r_033",
            "rotation": 0.09519977738150888,
            "time": 0.3,
            "transform_matrix": [
                [
                    -4.371138828673793e-08,
                    -4.371138828673793e-08,
                    -1.0,
                    -5.177152156829834
                ],
                [
                    -1.0,
                    1.910685676922942e-15,
                    4.371138828673793e-08,
                    0.0027184486389160156
                ],
                [
                    0.0,
                    1.0,
                    -4.371138828673793e-08,
                    -0.024089545011520386
                ],
                [
                    0.0,
                    0.0,
                    0.0,
                    1.0
                ]
            ]
        },
        {
            "file_path": "./D/r_034",
            "rotation": 0.09519977738150888,
            "time": 0.3,
            "transform_matrix": [
                [
                    0.866025447845459,
                    -2.0590039895296286e-08,
                    -0.49999991059303284,
                    -2.5815513134002686
                ],
                [
                    -0.49999991059303284,
                    -3.858589892047348e-08,
                    -0.866025447845459,
                    -4.4929938316345215
                ],
                [
                    -1.4614478516250529e-09,
                    1.0,
                    -4.371138828673793e-08,
                    -0.024089545011520386
                ],
                [
                    0.0,
                    0.0,
                    0.0,
                    1.0
                ]
            ]
        },
        {
            "file_path": "./D/r_035",
            "rotation": 0.09519977738150888,
            "time": 0.3,
            "transform_matrix": [
                [
                    0.866025447845459,
                    2.0590039895296286e-08,
                    0.49999991059303284,
                    2.609649896621704
                ],
                [
                    0.49999991059303284,
                    -3.858589892047348e-08,
                    -0.866025447845459,
                    -4.4929938316345215
                ],
                [
                    1.4614478516250529e-09,
                    1.0,
                    -4.371138828673793e-08,
                    -0.024089545011520386
                ],
                [
                    0.0,
                    0.0,
                    0.0,
                    1.0
                ]
            ]
        },
        {
            "file_path": "./D/r_036",
            "rotation": 0.09519977738150888,
            "time": 0.3,
            "transform_matrix": [
                [
                    7.549790126404332e-08,
                    0.1736481934785843,
                    0.9848077297210693,
                    5.126384735107422
                ],
                [
                    1.0,
                    -1.311007302717826e-08,
                    -7.435091475826994e-08,
                    0.0027184486389160156
                ],
                [
                    0.0,
                    0.9848077297210693,
                    -0.1736481934785843,
                    -0.9255321621894836
                ],
                [
                    0.0,
                    0.0,
                    0.0,
                    1.0
                ]
            ]
        },
        {
            "file_path": "./D/r_037",
            "rotation": 0.09519977738150888,
            "time": 0.3,
            "transform_matrix": [
                [
                    -0.8660253882408142,
                    0.08682402223348618,
                    0.49240392446517944,
                    2.5702168941497803
                ],
                [
                    0.5000000596046448,
                    0.15038378536701202,
                    0.8528684973716736,
                    4.430130481719971
                ],
                [
                    -8.955777275332366e-08,
                    0.9848077297210693,
                    -0.1736481934785843,
                    -0.9255321621894836
                ],
                [
                    0.0,
                    0.0,
                    0.0,
                    1.0
                ]
            ]
        },
        {
            "file_path": "./D/r_038",
            "rotation": 0.09519977738150888,
            "time": 0.3,
            "transform_matrix": [
                [
                    -0.8660253882408142,
                    -0.08682402223348618,
                    -0.49240392446517944,
                    -2.5421183109283447
                ],
                [
                    -0.5000000596046448,
                    0.15038378536701202,
                    0.8528684973716736,
                    4.430130481719971
                ],
                [
                    8.955777275332366e-08,
                    0.9848077297210693,
                    -0.1736481934785843,
                    -0.9255321621894836
                ],
                [
                    0.0,
                    0.0,
                    0.0,
                    1.0
                ]
            ]
        },
        {
            "file_path": "./D/r_039",
            "rotation": 0.09519977738150888,
            "time": 0.3,
            "transform_matrix": [
                [
                    -1.6292068494294654e-07,
                    -0.17364829778671265,
                    -0.9848077297210693,
                    -5.098286151885986
                ],
                [
                    -1.0,
                    6.008675512703121e-08,
                    1.5483907134239416e-07,
                    0.0027184486389160156
                ],
                [
                    3.228635492291687e-08,
                    0.9848077297210693,
                    -0.17364829778671265,
                    -0.9255321621894836
                ],
                [
                    0.0,
                    0.0,
                    0.0,
                    1.0
                ]
            ]
        },
        {
            "file_path": "./D/r_040",
            "rotation": 0.09519977738150888,
            "time": 0.3,
            "transform_matrix": [
                [
                    0.866025447845459,
                    -0.08682404458522797,
                    -0.4924038052558899,
                    -2.5421183109283447
                ],
                [
                    -0.49999991059303284,
                    -0.15038377046585083,
                    -0.8528685569763184,
                    -4.424693584442139
                ],
                [
                    -3.8357445220071895e-08,
                    0.9848077297210693,
                    -0.1736481934785843,
                    -0.9255321621894836
                ],
                [
                    0.0,
                    0.0,
                    0.0,
                    1.0
                ]
            ]
        },
        {
            "file_path": "./D/r_041",
            "rotation": 0.09519977738150888,
            "time": 0.3,
            "transform_matrix": [
                [
                    0.866025447845459,
                    0.08682404458522797,
                    0.4924038052558899,
                    2.5702168941497803
                ],
                [
                    0.49999991059303284,
                    -0.15038377046585083,
                    -0.8528685569763184,
                    -4.424693584442139
                ],
                [
                    3.8357445220071895e-08,
                    0.9848077297210693,
                    -0.1736481934785843,
                    -0.9255321621894836
                ],
                [
                    0.0,
                    0.0,
                    0.0,
                    1.0
                ]
            ]
        },
        {
            "file_path": "./D/r_042",
            "rotation": 0.09519977738150888,
            "time": 0.3,
            "transform_matrix": [
                [
                    7.549790126404332e-08,
                    0.3420202434062958,
                    0.9396926164627075,
                    4.89218282699585
                ],
                [
                    1.0,
                    -1.1668796418007332e-07,
                    -3.787222979667604e-08,
                    0.0027184486389160156
                ],
                [
                    9.669774669873732e-08,
                    0.9396926164627075,
                    -0.3420202434062958,
                    -1.799584984779358
                ],
                [
                    0.0,
                    0.0,
                    0.0,
                    1.0
                ]
            ]
        },
        {
            "file_path": "./D/r_043",
            "rotation": 0.09519977738150888,
            "time": 0.3,
            "transform_matrix": [
                [
                    -0.8660253882408142,
                    0.17101000249385834,
                    0.46984636783599854,
                    2.453115940093994
                ],
                [
                    0.5000000596046448,
                    0.2961982786655426,
                    0.8137975931167603,
                    4.227305889129639
                ],
                [
                    -1.524592789792223e-07,
                    0.9396926164627075,
                    -0.3420202434062958,
                    -1.799584984779358
                ],
                [
                    0.0,
                    0.0,
                    0.0,
                    1.0
                ]
            ]
        },
        {
            "file_path": "./D/r_044",
            "rotation": 0.09519977738150888,
            "time": 0.3,
            "transform_matrix": [
                [
                    -0.8660255074501038,
                    -0.17101000249385834,
