{
    "camera_angle_x": 0.6911112070083618,
    "frames": [
        {
            "file_path": "./B/r_000",
            "rotation": 0.09519977738150888,
            "time": 0.2,
            "transform_matrix": [
                [
                    -1.6292068494294654e-07,
                    -0.9848077297210693,
                    0.1736481934785843,
                    0.7611055970191956
                ],
                [
                    1.0,
                    -1.98175655441446e-07,
                    -1.8568715631772648e-07,
                    0.016606181859970093
                ],
                [
                    2.1727899479628832e-07,
                    0.1736481934785843,
                    0.9848077297210693,
                    4.141862869262695
                ],
                [
                    0.0,
                    0.0,
                    0.0,
                    1.0
                ]
            ]
        },
        {
            "file_path": "./B/r_001",
            "rotation": 0.09519977738150888,
            "time": 0.2,
            "transform_matrix": [
                [
                    -0.8660253882408142,
                    -0.49240389466285706,
                    0.08682426810264587,
                    0.3940720558166504
                ],
                [
                    0.5000000596046448,
                    -0.8528684973716736,
                    0.1503838300704956,
                    0.6523269414901733
                ],
                [
                    9.960367464145747e-08,
                    0.17364834249019623,
                    0.9848077297210693,
                    4.141862869262695
                ],
                [
                    0.0,
                    0.0,
                    0.0,
                    1.0
                ]
            ]
        },
        {
            "file_path": "./B/r_002",
            "rotation": 0.09519977738150888,
            "time": 0.2,
            "transform_matrix": [
                [
                    -0.8660253882408142,
                    0.49240389466285706,
                    -0.08682426810264587,
                    -0.3399950861930847
                ],
                [
                    -0.5000000596046448,
                    -0.8528684973716736,
                    0.1503838300704956,
                    0.6523269414901733
                ],
                [
                    -9.960367464145747e-08,
                    0.17364834249019623,
                    0.9848077297210693,
                    4.141862869262695
                ],
                [
                    0.0,
                    0.0,
                    0.0,
                    1.0
                ]
            ]
        },
        {
            "file_path": "./B/r_003",
            "rotation": 0.09519977738150888,
            "time": 0.2,
            "transform_matrix": [
                [
                    -1.6292068494294654e-07,
                    0.9848077297210693,
                    -0.1736481934785843,
                    -0.7070286273956299
                ],
                [
                    -1.0,
                    -1.98175655441446e-07,
                    -1.8568715631772648e-07,
                    0.016606181859970093
                ],
                [
                    -2.1727899479628832e-07,
                    0.1736481934785843,
                    0.9848077297210693,
                    4.141862869262695
                ],
                [
                    0.0,
                    0.0,
                    0.0,
                    1.0
                ]
            ]
        },
        {
            "file_path": "./B/r_004",
            "rotation": 0.09519977738150888,
            "time": 0.2,
            "transform_matrix": [
                [
                    0.8660253882408142,
                    0.49240392446517944,
                    -0.08682391047477722,
                    -0.3399950861930847
                ],
                [
                    -0.5,
                    0.8528685569763184,
                    -0.1503836065530777,
                    -0.6191145777702332
                ],
                [
                    -9.839882153528379e-08,
                    0.17364798486232758,
                    0.9848077893257141,
                    4.141862869262695
                ],
                [
                    0.0,
                    0.0,
                    0.0,
                    1.0
                ]
            ]
        },
        {
            "file_path": "./B/r_005",
            "rotation": 0.09519977738150888,
            "time": 0.2,
            "transform_matrix": [
                [
                    0.8660253882408142,
                    -0.49240392446517944,
                    0.08682391047477722,
                    0.3940720558166504
                ],
                [
                    0.5,
                    0.8528685569763184,
                    -0.1503836065530777,
                    -0.6191145777702332
                ],
                [
                    9.839882153528379e-08,
                    0.17364798486232758,
                    0.9848077893257141,
                    4.141862869262695
                ],
                [
                    0.0,
                    0.0,
                    0.0,
                    1.0
                ]
            ]
        },
        {
            "file_path": "./B/r_006",
            "rotation": 0.09519977738150888,
            "time": 0.2,
            "transform_matrix": [
                [
                    -4.371138828673793e-08,
                    -0.8660253882408142,
                    0.5,
                    2.140700578689575
                ],
                [
                    1.0,
                    -7.856590400479035e-08,
                    -4.8657359030812586e-08,
                    0.016606181859970093
                ],
                [
                    8.142146157297248e-08,
                    0.5,
                    0.8660253882408142,
                    3.6397314071655273
                ],
                [
                    0.0,
                    0.0,
                    0.0,
                    1.0
                ]
            ]
        },
        {
            "file_path": "./B/r_007",
            "rotation": 0.09519977738150888,
            "time": 0.2,
            "transform_matrix": [
                [
                    -0.8660253882408142,
                    -0.4330127239227295,
                    0.2500000596046448,
                    1.083869457244873
                ],
                [
                    0.5000000596046448,
                    -0.7499999403953552,
                    0.4330127537250519,
                    1.8470911979675293
                ],
                [
                    1.5457549906727763e-08,
                    0.5000000596046448,
                    0.8660253882408142,
                    3.6397314071655273
                ],
                [
                    0.0,
                    0.0,
                    0.0,
                    1.0
                ]
            ]
        },
        {
            "file_path": "./B/r_008",
            "rotation": 0.09519977738150888,
            "time": 0.2,
            "transform_matrix": [
                [
                    -0.8660253882408142,
                    0.4330127239227295,
                    -0.2500000596046448,
                    -1.0297925472259521
                ],
                [
                    -0.5000000596046448,
                    -0.7499999403953552,
                    0.4330127537250519,
                    1.8470911979675293
                ],
                [
                    -1.5457549906727763e-08,
                    0.5000000596046448,
                    0.8660253882408142,
                    3.6397314071655273
                ],
                [
                    0.0,
                    0.0,
                    0.0,
                    1.0
                ]
            ]
        },
        {
            "file_path": "./B/r_009",
            "rotation": 0.09519977738150888,
            "time": 0.2,
            "transform_matrix": [
                [
                    -4.371138828673793e-08,
                    0.8660253882408142,
                    -0.5,
                    -2.086623430252075
                ],
                [
                    -1.0,
                    -7.856590400479035e-08,
                    -4.8657359030812586e-08,
                    0.016606181859970093
                ],
                [
                    -8.142146157297248e-08,
                    0.5,
                    0.8660253882408142,
                    3.6397314071655273
                ],
                [
                    0.0,
                    0.0,
                    0.0,
                    1.0
                ]
            ]
        },
        {
            "file_path": "./B/r_010",
            "rotation": 0.09519977738150888,
            "time": 0.2,
            "transform_matrix": [
                [
                    0.8660253882408142,
                    0.4330127239227295,
                    -0.2499999701976776,
                    -1.0297925472259521
                ],
                [
                    -0.5,
                    0.75,
                    -0.4330126643180847,
                    -1.8138787746429443
                ],
                [
                    -2.2721877712683636e-08,
                    0.4999999701976776,
                    0.866025447845459,
                    3.6397314071655273
                ],
                [
                    0.0,
                    0.0,
                    0.0,
                    1.0
                ]
            ]
        },
        {
            "file_path": "./B/r_011",
            "rotation": 0.09519977738150888,
            "time": 0.2,
            "transform_matrix": [
                [
                    0.8660253882408142,
                    -0.4330127239227295,
                    0.2499999701976776,
                    1.083869457244873
                ],
                [
                    0.5,
                    0.75,
                    -0.4330126643180847,
                    -1.8138787746429443
                ],
                [
                    2.2721877712683636e-08,
                    0.4999999701976776,
                    0.866025447845459,
                    3.6397314071655273
                ],
                [
                    0.0,
                    0.0,
                    0.0,
                    1.0
                ]
            ]
        },
        {
            "file_path": "./B/r_012",
            "rotation": 0.09519977738150888,
            "time": 0.2,
            "transform_matrix": [
                [
                    7.549790126404332e-08,
                    -0.6427876353263855,
                    0.7660444378852844,
                    3.2653565406799316
                ],
                [
                    1.0,
                    -9.993644134453916e-09,
                    -1.0694117236198508e-07,
                    0.016606181859970093
                ],
                [
                    7.639603438747145e-08,
                    0.7660444378852844,
                    0.6427876353263855,
                    2.696032762527466
                ],
                [
                    0.0,
                    0.0,
                    0.0,
                    1.0
                ]
            ]
        },
        {
            "file_path": "./B/r_013",
            "rotation": 0.09519977738150888,
            "time": 0.2,
            "transform_matrix": [
                [
                    -0.8660253882408142,
                    -0.32139378786087036,
                    0.383022278547287,
                    1.6461975574493408
                ],
                [
                    0.5000000596046448,
                    -0.5566703081130981,
                    0.6634140014648438,
                    2.8210718631744385
                ],
                [
                    -1.5738406133891658e-08,
                    0.7660444974899292,
                    0.642787516117096,
                    2.696032762527466
                ],
                [
                    0.0,
                    0.0,
                    0.0,
                    1.0
                ]
            ]
        },
        {
            "file_path": "./B/r_014",
            "rotation": 0.09519977738150888,
            "time": 0.2,
            "transform_matrix": [
                [
                    -0.8660253882408142,
                    0.32139378786087036,
                    -0.383022278547287,
                    -1.5921205282211304
                ],
                [
                    -0.5000000596046448,
                    -0.5566701889038086,
                    0.6634140610694885,
                    2.8210718631744385
                ],
                [
                    6.891754367188696e-08,
                    0.7660446166992188,
                    0.6427873969078064,
                    2.696032762527466
                ],
                [
                    0.0,
                    0.0,
                    0.0,
                    1.0
                ]
            ]
        },
        {
            "file_path": "./B/r_015",
            "rotation": 0.09519977738150888,
            "time": 0.2,
            "transform_matrix": [
                [
                    -4.371138828673793e-08,
                    0.6427876353263855,
                    -0.7660444378852844,
                    -3.2112796306610107
                ],
                [
                    -1.0,
                    -5.735851971166994e-08,
                    8.931655415267414e-09,
                    0.016606181859970093
                ],
                [
                    -3.819801719373572e-08,
                    0.7660444378852844,
                    0.6427876353263855,
                    2.696032762527466
                ],
                [
                    0.0,
                    0.0,
                    0.0,
                    1.0
                ]
            ]
        },
        {
            "file_path": "./B/r_016",
            "rotation": 0.09519977738150888,
            "time": 0.2,
            "transform_matrix": [
                [
                    0.866025447845459,
                    0.32139381766319275,
                    -0.38302215933799744,
                    -1.5921205282211304
                ],
                [
                    -0.4999999701976776,
                    0.5566704869270325,
                    -0.6634138822555542,
                    -2.7878596782684326
                ],
                [
                    2.3563302420370746e-08,
                    0.7660443782806396,
                    0.6427876949310303,
                    2.696032762527466
                ],
                [
                    0.0,
                    0.0,
                    0.0,
                    1.0
                ]
            ]
        },
        {
            "file_path": "./B/r_017",
            "rotation": 0.09519977738150888,
            "time": 0.2,
            "transform_matrix": [
                [
                    0.8660253882408142,
                    -0.32139384746551514,
                    0.3830222189426422,
                    1.6461975574493408
                ],
                [
                    0.5,
                    0.5566703677177429,
                    -0.663413941860199,
                    -2.7878596782684326
                ],
                [
                    4.0839552184479544e-08,
                    0.7660444378852844,
                    0.6427876353263855,
                    2.696032762527466
                ],
                [
                    0.0,
                    0.0,
                    0.0,
                    1.0
                ]
            ]
        },
        {
            "file_path": "./B/r_018",
            "rotation": 0.09519977738150888,
            "time": 0.2,
            "transform_matrix": [
                [
                    -4.371138828673793e-08,
                    -0.34202003479003906,
                    0.9396926760673523,
                    3.9994237422943115
                ],
                [
                    1.0,
                    -1.495017087904671e-08,
                    4.107527118435428e-08,
                    0.016606181859970093
                ],
                [
                    0.0,
                    0.9396926760673523,
                    0.34202003479003906,
                    1.424591302871704
                ],
                [
                    0.0,
                    0.0,
                    0.0,
                    1.0
                ]
            ]
        },
        {
            "file_path": "./B/r_019",
            "rotation": 0.09519977738150888,
            "time": 0.2,
            "transform_matrix": [
                [
                    -0.8660253882408142,
                    -0.17101004719734192,
                    0.46984636783599854,
                    2.013231039047241
                ],
                [
                    0.5000000596046448,
                    -0.2961980402469635,
                    0.8137977123260498,
                    3.4567925930023193
                ],
                [
                    -1.0788181015186638e-08,
                    0.9396926760673523,
                    0.34202003479003906,
                    1.424591302871704
                ],
                [
                    0.0,
                    0.0,
                    0.0,
                    1.0
                ]
            ]
        },
        {
            "file_path": "./B/r_020",
            "rotation": 0.09519977738150888,
            "time": 0.2,
            "transform_matrix": [
                [
                    -0.8660253882408142,
                    0.17101004719734192,
                    -0.46984636783599854,
                    -1.9591541290283203
                ],
                [
                    -0.5000000596046448,
                    -0.2961980402469635,
                    0.8137977123260498,
                    3.4567925930023193
                ],
                [
                    1.0788181015186638e-08,
                    0.9396926760673523,
                    0.34202003479003906,
                    1.424591302871704
                ],
                [
                    0.0,
                    0.0,
                    0.0,
                    1.0
                ]
            ]
        },
        {
            "file_path": "./B/r_021",
            "rotation": 0.09519977738150888,
            "time": 0.2,
            "transform_matrix": [
                [
                    -4.371138828673793e-08,
                    0.34202003479003906,
                    -0.9396926760673523,
                    -3.9453468322753906
                ],
                [
                    -1.0,
                    -1.495017087904671e-08,
                    4.107527118435428e-08,
                    0.016606181859970093
                ],
                [
                    0.0,
                    0.9396926760673523,
                    0.34202003479003906,
                    1.424591302871704
                ],
                [
                    0.0,
                    0.0,
                    0.0,
                    1.0
                ]
            ]
        },
        {
            "file_path": "./B/r_022",
            "rotation": 0.09519977738150888,
            "time": 0.2,
            "transform_matrix": [
                [
                    0.8660253882408142,
                    0.1710100620985031,
                    -0.46984633803367615,
                    -1.9591541290283203
                ],
                [
                    -0.5,
                    0.29619815945625305,
                    -0.813797652721405,
                    -3.4235804080963135
                ],
                [
                    2.1554980023097414e-08,
                    0.9396926164627075,
                    0.3420201539993286,
                    1.424591302871704
                ],
                [
                    0.0,
                    0.0,
                    0.0,
                    1.0
                ]
            ]
        },
        {
            "file_path": "./B/r_023",
            "rotation": 0.09519977738150888,
            "time": 0.2,
            "transform_matrix": [
                [
                    0.8660253882408142,
                    -0.1710100620985031,
                    0.46984633803367615,
                    2.013231039047241
                ],
                [
                    0.5,
                    0.29619815945625305,
                    -0.813797652721405,
                    -3.4235804080963135
                ],
                [
                    -2.1554980023097414e-08,
                    0.9396926164627075,
                    0.3420201539993286,
                    1.424591302871704
                ],
                [
                    0.0,
                    0.0,
                    0.0,
                    1.0
                ]
            ]
        },
        {
            "file_path": "./B/r_024",
            "rotation": 0.09519977738150888,
            "time": 0.2,
            "transform_matrix": [
                [
                    -1.6292068494294654e-07,
                    -0.17364798486232758,
                    0.9848077893257141,
                    4.1901397705078125
                ],
                [
                    1.0,
                    -6.008669828361235e-08,
                    1.548390997641036e-07,
                    0.016606181859970093
                ],
                [
                    3.228635492291687e-08,
                    0.9848077893257141,
                    0.17364798486232758,
                    0.7128283977508545
                ],
                [
                    0.0,
                    0.0,
                    0.0,
                    1.0
                ]
            ]
        },
        {
            "file_path": "./B/r_025",
            "rotation": 0.09519977738150888,
            "time": 0.2,
            "transform_matrix": [
                [
                    -0.8660253882408142,
                    -0.0868241935968399,
                    0.49240389466285706,
                    2.1085891723632812
                ],
                [
                    0.5000000596046448,
                    -0.1503835767507553,
                    0.8528685569763184,
                    3.621957778930664
                ],
                [
                    -1.624567005364952e-07,
                    0.9848077893257141,
                    0.17364810407161713,
                    0.7128283977508545
                ],
                [
                    0.0,
                    0.0,
                    0.0,
                    1.0
                ]
            ]
        },
        {
            "file_path": "./B/r_026",
            "rotation": 0.09519977738150888,
            "time": 0.2,
            "transform_matrix": [
                [
                    -0.8660253882408142,
                    0.08682410418987274,
                    -0.49240392446517944,
                    -2.0545122623443604
                ],
                [
                    -0.5000000596046448,
                    -0.15038363635540009,
                    0.8528684973716736,
                    3.621957778930664
                ],
                [
                    5.219672871703551e-08,
                    0.9848077893257141,
                    0.17364810407161713,
                    0.7128283977508545
                ],
                [
                    0.0,
                    0.0,
                    0.0,
                    1.0
                ]
            ]
        },
        {
            "file_path": "./B/r_027",
            "rotation": 0.09519977738150888,
            "time": 0.2,
            "transform_matrix": [
                [
                    7.549790126404332e-08,
                    0.17364810407161713,
                    -0.9848077893257141,
                    -4.136063098907471
                ],
                [
                    -1.0,
                    -8.227750214473417e-08,
                    -9.117031396499442e-08,
                    0.016606181859970093
                ],
                [
                    -9.685907542689165e-08,
                    0.9848077893257141,
                    0.17364810407161713,
                    0.7128283977508545
                ],
                [
                    0.0,
                    0.0,
                    0.0,
                    1.0
                ]
            ]
        },
        {
            "file_path": "./B/r_028",
            "rotation": 0.09519977738150888,
            "time": 0.2,
            "transform_matrix": [
                [
                    0.8660253882408142,
                    0.08682404458522797,
                    -0.49240395426750183,
                    -2.0545122623443604
                ],
                [
                    -0.5000000596046448,
                    0.15038366615772247,
                    -0.8528684973716736,
                    -3.588745594024658
                ],
                [
                    2.1818541640072908e-08,
                    0.9848077893257141,
                    0.17364810407161713,
                    0.7128283977508545
                ],
                [
                    0.0,
                    0.0,
                    0.0,
                    1.0
                ]
            ]
        },
        {
            "file_path": "./B/r_029",
            "rotation": 0.09519977738150888,
            "time": 0.2,
            "transform_matrix": [
                [
                    0.8660253882408142,
                    -0.08682405948638916,
                    0.49240395426750183,
                    2.1085891723632812
                ],
                [
                    0.5000000596046448,
                    0.15038366615772247,
                    -0.8528684973716736,
                    -3.588745594024658
                ],
                [
                    -3.314720942171334e-09,
                    0.9848077893257141,
                    0.17364810407161713,
                    0.7128283977508545
                ],
                [
                    0.0,
                    0.0,
                    0.0,
                    1.0
                ]
            ]
        },
        {
            "file_path": "./B/r_030",
            "rotation": 0.09519977738150888,
            "time": 0.2,
            "transform_matrix": [
                [
                    -4.371138828673793e-08,
                    4.371138828673793e-08,
                    1.0,
                    4.2543625831604
                ],
                [
                    1.0,
                    1.910685676922942e-15,
                    4.371138828673793e-08,
                    0.016606181859970093
                ],
                [
                    0.0,
                    1.0,
                    -4.371138828673793e-08,
                    -0.021238692104816437
                ],
                [
                    0.0,
                    0.0,
                    0.0,
                    1.0
                ]
            ]
        },
        {
            "file_path": "./B/r_031",
            "rotation": 0.09519977738150888,
            "time": 0.2,
            "transform_matrix": [
                [
                    -0.8660253882408142,
                    1.0580843223806369e-07,
                    0.5000000596046448,
                    2.140700578689575
                ],
                [
                    0.5000000596046448,
                    -1.4826599681327934e-07,
                    0.8660253882408142,
                    3.6775763034820557
                ],
                [
                    1.6576579753291298e-07,
                    1.0,
                    7.549790126404332e-08,
                    -0.021238692104816437
                ],
                [
                    0.0,
                    0.0,
                    0.0,
                    1.0
                ]
            ]
        },
        {
            "file_path": "./B/r_032",
            "rotation": 0.09519977738150888,
            "time": 0.2,
            "transform_matrix": [
                [
                    -0.8660253882408142,
                    -1.0580843223806369e-07,
                    -0.5000000596046448,
                    -2.086623430252075
                ],
                [
                    -0.5000000596046448,
                    -1.4826599681327934e-07,
                    0.8660253882408142,
                    3.6775763034820557
                ],
                [
                    -1.6576579753291298e-07,
                    1.0,
                    7.549790126404332e-08,
                    -0.021238692104816437
                ],
                [
                    0.0,
                    0.0,
                    0.0,
                    1.0
                ]
            ]
        },
        {
            "file_path": "./B/r_033",
            "rotation": 0.09519977738150888,
            "time": 0.2,
            "transform_matrix": [
                [
                    -4.371138828673793e-08,
                    -4.371138828673793e-08,
                    -1.0,
                    -4.2002854347229
                ],
                [
                    -1.0,
                    1.910685676922942e-15,
                    4.371138828673793e-08,
                    0.016606181859970093
                ],
                [
                    0.0,
                    1.0,
                    -4.371138828673793e-08,
                    -0.021238692104816437
                ],
                [
                    0.0,
                    0.0,
                    0.0,
                    1.0
                ]
            ]
        },
        {
            "file_path": "./B/r_034",
            "rotation": 0.09519977738150888,
            "time": 0.2,
            "transform_matrix": [
                [
                    0.866025447845459,
                    -2.0590041671653125e-08,
                    -0.4999999701976776,
                    -2.086623430252075
                ],
                [
                    -0.4999999701976776,
                    -3.858589892047348e-08,
                    -0.866025447845459,
                    -3.6443638801574707
                ],
                [
                    -1.4614478516250529e-09,
                    1.0,
                    -4.371138828673793e-08,
                    -0.021238692104816437
                ],
                [
                    0.0,
                    0.0,
                    0.0,
                    1.0
                ]
            ]
        },
        {
            "file_path": "./B/r_035",
            "rotation": 0.09519977738150888,
            "time": 0.2,
            "transform_matrix": [
                [
                    0.866025447845459,
                    2.0590041671653125e-08,
                    0.4999999701976776,
                    2.140700578689575
                ],
                [
                    0.4999999701976776,
                    -3.858589892047348e-08,
                    -0.866025447845459,
                    -3.6443638801574707
                ],
                [
                    1.4614478516250529e-09,
                    1.0,
                    -4.371138828673793e-08,
                    -0.021238692104816437
                ],
                [
                    0.0,
                    0.0,
                    0.0,
                    1.0
                ]
            ]
        },
        {
            "file_path": "./B/r_036",
            "rotation": 0.09519977738150888,
            "time": 0.2,
            "transform_matrix": [
                [
                    -1.6292068494294654e-07,
                    0.17364829778671265,
                    0.9848077297210693,
                    4.1901397705078125
                ],
                [
                    1.0,
                    6.008675512703121e-08,
                    1.5483907134239416e-07,
                    0.016606181859970093
                ],
                [
                    -3.228635492291687e-08,
                    0.9848077297210693,
                    -0.17364829778671265,
                    -0.755305826663971
                ],
                [
                    0.0,
                    0.0,
                    0.0,
                    1.0
                ]
            ]
        },
        {
            "file_path": "./B/r_037",
            "rotation": 0.09519977738150888,
            "time": 0.2,
            "transform_matrix": [
                [
                    -0.8660253882408142,
                    0.0868239551782608,
                    0.49240395426750183,
                    2.1085891723632812
                ],
                [
                    0.5000000596046448,
                    0.15038368105888367,
                    0.8528684973716736,
                    3.621957778930664
                ],
                [
                    -9.80534764494223e-08,
                    0.9848077893257141,
                    -0.17364807426929474,
                    -0.755305826663971
                ],
                [
                    0.0,
                    0.0,
                    0.0,
                    1.0
                ]
            ]
        },
        {
            "file_path": "./B/r_038",
            "rotation": 0.09519977738150888,
            "time": 0.2,
            "transform_matrix": [
                [
                    -0.8660253882408142,
                    -0.08682414889335632,
                    -0.49240389466285706,
                    -2.0545122623443604
                ],
                [
                    -0.5000000596046448,
                    0.1503838449716568,
                    0.8528684973716736,
                    3.621957778930664
                ],
                [
                    1.0411064899074063e-08,
                    0.9848077297210693,
                    -0.17364829778671265,
                    -0.755305826663971
                ],
                [
                    0.0,
                    0.0,
                    0.0,
                    1.0
                ]
            ]
        },
        {
            "file_path": "./B/r_039",
            "rotation": 0.09519977738150888,
            "time": 0.2,
            "transform_matrix": [
                [
                    -4.371138828673793e-08,
                    -0.17364829778671265,
                    -0.9848077297210693,
                    -4.136063098907471
                ],
                [
                    -1.0,
                    -7.756522535373733e-08,
                    5.806256098139784e-08,
                    0.016606181859970093
                ],
                [
                    -8.646929927635938e-08,
                    0.9848077297210693,
                    -0.17364829778671265,
                    -0.755305826663971
                ],
                [
                    0.0,
                    0.0,
                    0.0,
                    1.0
                ]
            ]
        },
        {
            "file_path": "./B/r_040",
            "rotation": 0.09519977738150888,
            "time": 0.2,
            "transform_matrix": [
                [
                    0.866025447845459,
                    -0.08682407438755035,
                    -0.4924038350582123,
                    -2.0545122623443604
                ],
                [
                    -0.4999999701976776,
                    -0.15038375556468964,
                    -0.8528685569763184,
                    -3.588745594024658
                ],
                [
                    -1.472219501863492e-08,
                    0.9848077297210693,
                    -0.1736481934785843,
                    -0.755305826663971
                ],
                [
                    0.0,
                    0.0,
                    0.0,
                    1.0
                ]
            ]
        },
        {
            "file_path": "./B/r_041",
            "rotation": 0.09519977738150888,
            "time": 0.2,
            "transform_matrix": [
                [
                    0.866025447845459,
                    0.08682405203580856,
                    0.4924038350582123,
                    2.1085891723632812
                ],
                [
                    0.4999999701976776,
                    -0.15038377046585083,
                    -0.8528685569763184,
                    -3.588745594024658
                ],
                [
                    3.8357445220071895e-08,
                    0.9848077297210693,
                    -0.1736481934785843,
                    -0.755305826663971
                ],
                [
                    0.0,
                    0.0,
                    0.0,
                    1.0
                ]
            ]
        },
        {
            "file_path": "./B/r_042",
            "rotation": 0.09519977738150888,
            "time": 0.2,
            "transform_matrix": [
                [
                    -4.371138828673793e-08,
                    0.3420202434062958,
                    0.9396926164627075,
                    3.9994237422943115
                ],
                [
                    1.0,
                    1.4950179760830906e-08,
                    4.10752676316406e-08,
                    0.016606181859970093
                ],
                [
                    0.0,
                    0.9396926164627075,
                    -0.3420202434062958,
                    -1.4670686721801758
                ],
                [
                    0.0,
                    0.0,
                    0.0,
                    1.0
                ]
            ]
        },
        {
            "file_path": "./B/r_043",
            "rotation": 0.09519977738150888,
            "time": 0.2,
            "transform_matrix": [
                [
                    -0.8660255074501038,
                    0.17101000249385834,
                    0.4698461592197418,
                    2.013231039047241
                ],
                [
                    0.4999998211860657,
                    0.2961982786655426,
                    0.8137977123260498,
                    3.4567925930023193
                ],
                [
                    -6.35124237646778e-08,
                    0.9396926164627075,
                    -0.3420202434062958,
                    -1.4670686721801758
                ],
                [
                    0.0,
                    0.0,
                    0.0,
                    1.0
                ]
            ]
        },
        {
            "file_path": "./B/r_044",
            "rotation": 0.09519977738150888,
            "time": 0.2,
            "transform_matrix": [
                [
                    -0.8660255074501038,
                    -0.17101000249385834,
                    -0.4698461592197418,
                    -1.9591541290283203
                ],
