{
    "camera_angle_x": 0.691111147403717,
    "frames": [
        {
            "file_path": "./I/r_000",
            "rotation": 0.09519977738150888,
            "time": 0.9,
            "transform_matrix": [
                [
                    -4.371138828673793e-08,
                    -0.9848077297210693,
                    0.1736481934785843,
                    0.8162966966629028
                ],
                [
                    1.0,
                    -2.3908771851210986e-08,
                    1.161304794550233e-07,
                    -0.053084760904312134
                ],
                [
                    -1.1021447932080264e-07,
                    0.1736481934785843,
                    0.9848077297210693,
                    4.508614540100098
                ],
                [
                    0.0,
                    0.0,
                    0.0,
                    1.0
                ]
            ]
        },
        {
            "file_path": "./I/r_001",
            "rotation": 0.09519977738150888,
            "time": 0.9,
            "transform_matrix": [
                [
                    -0.8660253882408142,
                    -0.49240392446517944,
                    0.08682401478290558,
                    0.40729472041130066
                ],
                [
                    0.5000000596046448,
                    -0.8528684973716736,
                    0.15038366615772247,
                    0.6553274393081665
                ],
                [
                    -4.225105598720802e-08,
                    0.17364808917045593,
                    0.9848077893257141,
                    4.508614540100098
                ],
                [
                    0.0,
                    0.0,
                    0.0,
                    1.0
                ]
            ]
        },
        {
            "file_path": "./I/r_002",
            "rotation": 0.09519977738150888,
            "time": 0.9,
            "transform_matrix": [
                [
                    -0.8660253882408142,
                    0.49240392446517944,
                    -0.08682401478290558,
                    -0.4107092618942261
                ],
                [
                    -0.5000000596046448,
                    -0.8528684973716736,
                    0.15038366615772247,
                    0.6553274393081665
                ],
                [
                    4.225105598720802e-08,
                    0.17364808917045593,
                    0.9848077893257141,
                    4.508614540100098
                ],
                [
                    0.0,
                    0.0,
                    0.0,
                    1.0
                ]
            ]
        },
        {
            "file_path": "./I/r_003",
            "rotation": 0.09519977738150888,
            "time": 0.9,
            "transform_matrix": [
                [
                    -4.371138828673793e-08,
                    0.9848077297210693,
                    -0.1736481934785843,
                    -0.8197112083435059
                ],
                [
                    -1.0,
                    -2.3908771851210986e-08,
                    1.161304794550233e-07,
                    -0.053084760904312134
                ],
                [
                    1.1021447932080264e-07,
                    0.1736481934785843,
                    0.9848077297210693,
                    4.508614540100098
                ],
                [
                    0.0,
                    0.0,
                    0.0,
                    1.0
                ]
            ]
        },
        {
            "file_path": "./I/r_004",
            "rotation": 0.09519977738150888,
            "time": 0.9,
            "transform_matrix": [
                [
                    0.8660253882408142,
                    0.49240386486053467,
                    -0.0868241935968399,
                    -0.4107092618942261
                ],
                [
                    -0.5,
                    0.8528684973716736,
                    -0.15038380026817322,
                    -0.7614969611167908
                ],
                [
                    5.5208396076977806e-08,
                    0.17364828288555145,
                    0.9848077297210693,
                    4.508614540100098
                ],
                [
                    0.0,
                    0.0,
                    0.0,
                    1.0
                ]
            ]
        },
        {
            "file_path": "./I/r_005",
            "rotation": 0.09519977738150888,
            "time": 0.9,
            "transform_matrix": [
                [
                    0.8660253882408142,
                    -0.49240386486053467,
                    0.0868241935968399,
                    0.40729472041130066
                ],
                [
                    0.5,
                    0.8528684973716736,
                    -0.15038380026817322,
                    -0.7614969611167908
                ],
                [
                    -5.5208396076977806e-08,
                    0.17364828288555145,
                    0.9848077297210693,
                    4.508614540100098
                ],
                [
                    0.0,
                    0.0,
                    0.0,
                    1.0
                ]
            ]
        },
        {
            "file_path": "./I/r_006",
            "rotation": 0.09519977738150888,
            "time": 0.9,
            "transform_matrix": [
                [
                    -4.371138828673793e-08,
                    -0.8660253882408142,
                    0.5000000596046448,
                    2.3536412715911865
                ],
                [
                    1.0,
                    1.303324026480368e-08,
                    1.0999699640024119e-07,
                    -0.053084760904312134
                ],
                [
                    -1.0177681275536088e-07,
                    0.5000000596046448,
                    0.8660253882408142,
                    3.949066638946533
                ],
                [
                    0.0,
                    0.0,
                    0.0,
                    1.0
                ]
            ]
        },
        {
            "file_path": "./I/r_007",
            "rotation": 0.09519977738150888,
            "time": 0.9,
            "transform_matrix": [
                [
                    -0.8660253882408142,
                    -0.43301278352737427,
                    0.24999995529651642,
                    1.1759669780731201
                ],
                [
                    0.5000000596046448,
                    -0.7499999403953552,
                    0.4330127537250519,
                    1.9867068529129028
                ],
                [
                    -1.0168366770813009e-07,
                    0.5,
                    0.8660253882408142,
                    3.949066638946533
                ],
                [
                    0.0,
                    0.0,
                    0.0,
                    1.0
                ]
            ]
        },
        {
            "file_path": "./I/r_008",
            "rotation": 0.09519977738150888,
            "time": 0.9,
            "transform_matrix": [
                [
                    -0.8660253882408142,
                    0.43301281332969666,
                    -0.24999991059303284,
                    -1.1793814897537231
                ],
                [
                    -0.5000000596046448,
                    -0.7499999403953552,
                    0.4330127239227295,
                    1.9867068529129028
                ],
                [
                    1.2948960659286968e-07,
                    0.4999999701976776,
                    0.866025447845459,
                    3.949066638946533
                ],
                [
                    0.0,
                    0.0,
                    0.0,
                    1.0
                ]
            ]
        },
        {
            "file_path": "./I/r_009",
            "rotation": 0.09519977738150888,
            "time": 0.9,
            "transform_matrix": [
                [
                    -4.371138828673793e-08,
                    0.8660253882408142,
                    -0.5,
                    -2.3570556640625
                ],
                [
                    -1.0,
                    3.338859499990576e-08,
                    1.4525352298733196e-07,
                    -0.053084760904312134
                ],
                [
                    1.4248753643641976e-07,
                    0.5,
                    0.8660253882408142,
                    3.949066638946533
                ],
                [
                    0.0,
                    0.0,
                    0.0,
                    1.0
                ]
            ]
        },
        {
            "file_path": "./I/r_010",
            "rotation": 0.09519977738150888,
            "time": 0.9,
            "transform_matrix": [
                [
                    0.866025447845459,
                    0.43301260471343994,
                    -0.25000011920928955,
                    -1.1793814897537231
                ],
                [
                    -0.4999999701976776,
                    0.75,
                    -0.43301278352737427,
                    -2.092876434326172
                ],
                [
                    9.495430930428483e-08,
                    0.5000001192092896,
                    0.8660253286361694,
                    3.949066638946533
                ],
                [
                    0.0,
                    0.0,
                    0.0,
                    1.0
                ]
            ]
        },
        {
            "file_path": "./I/r_011",
            "rotation": 0.09519977738150888,
            "time": 0.9,
            "transform_matrix": [
                [
                    0.8660253882408142,
                    -0.4330126643180847,
                    0.2500001788139343,
                    1.1759669780731201
                ],
                [
                    0.5000000596046448,
                    0.7499998807907104,
                    -0.43301278352737427,
                    -2.092876434326172
                ],
                [
                    -7.905495635895932e-08,
                    0.5000001788139343,
                    0.8660253286361694,
                    3.949066638946533
                ],
                [
                    0.0,
                    0.0,
                    0.0,
                    1.0
                ]
            ]
        },
        {
            "file_path": "./I/r_012",
            "rotation": 0.09519977738150888,
            "time": 0.9,
            "transform_matrix": [
                [
                    -4.371138828673793e-08,
                    -0.6427876353263855,
                    0.7660444378852844,
                    3.606895923614502
                ],
                [
                    1.0,
                    -2.6125372087903997e-08,
                    3.513937585353233e-08,
                    -0.053084760904312134
                ],
                [
                    -2.573959045903962e-09,
                    0.7660444378852844,
                    0.6427876353263855,
                    2.897461175918579
                ],
                [
                    0.0,
                    0.0,
                    0.0,
                    1.0
                ]
            ]
        },
        {
            "file_path": "./I/r_013",
            "rotation": 0.09519977738150888,
            "time": 0.9,
            "transform_matrix": [
                [
                    -0.8660253882408142,
                    -0.3213938772678375,
                    0.3830222189426422,
                    1.8025944232940674
                ],
                [
                    0.5000000596046448,
                    -0.5566704869270325,
                    0.6634138822555542,
                    3.0720572471618652
                ],
                [
                    -7.683773617372935e-10,
                    0.7660443782806396,
                    0.6427876949310303,
                    2.897461175918579
                ],
                [
                    0.0,
                    0.0,
                    0.0,
                    1.0
                ]
            ]
        },
        {
            "file_path": "./I/r_014",
            "rotation": 0.09519977738150888,
            "time": 0.9,
            "transform_matrix": [
                [
                    -0.8660253882408142,
                    0.3213939070701599,
                    -0.3830221891403198,
                    -1.8060089349746704
                ],
                [
                    -0.5000000596046448,
                    -0.5566704273223877,
                    0.6634138822555542,
                    3.0720572471618652
                ],
                [
                    5.2947839890293835e-08,
                    0.7660443782806396,
                    0.6427876949310303,
                    2.897461175918579
                ],
                [
                    0.0,
                    0.0,
                    0.0,
                    1.0
                ]
            ]
        },
        {
            "file_path": "./I/r_015",
            "rotation": 0.09519977738150888,
            "time": 0.9,
            "transform_matrix": [
                [
                    -4.371138828673793e-08,
                    0.6427876353263855,
                    -0.7660444378852844,
                    -3.6103105545043945
                ],
                [
                    -1.0,
                    -2.6125372087903997e-08,
                    3.513937585353233e-08,
                    -0.053084760904312134
                ],
                [
                    2.573959045903962e-09,
                    0.7660444378852844,
                    0.6427876353263855,
                    2.897461175918579
                ],
                [
                    0.0,
                    0.0,
                    0.0,
                    1.0
                ]
            ]
        },
        {
            "file_path": "./I/r_016",
            "rotation": 0.09519977738150888,
            "time": 0.9,
            "transform_matrix": [
                [
                    0.8660253286361694,
                    0.3213937282562256,
                    -0.3830224275588989,
                    -1.8060089349746704
                ],
                [
                    -0.5000001192092896,
                    0.5566701889038086,
                    -0.6634140610694885,
                    -3.178226947784424
                ],
                [
                    4.8538236541162405e-08,
                    0.7660446166992188,
                    0.6427873969078064,
                    2.897461175918579
                ],
                [
                    0.0,
                    0.0,
                    0.0,
                    1.0
                ]
            ]
        },
        {
            "file_path": "./I/r_017",
            "rotation": 0.09519977738150888,
            "time": 0.9,
            "transform_matrix": [
                [
                    0.8660253882408142,
                    -0.3213937282562256,
                    0.383022278547287,
                    1.8025944232940674
                ],
                [
                    0.5,
                    0.5566703081130981,
                    -0.6634140014648438,
                    -3.178226947784424
                ],
                [
                    -3.468300846520833e-08,
                    0.7660444974899292,
                    0.642787516117096,
                    2.897461175918579
                ],
                [
                    0.0,
                    0.0,
                    0.0,
                    1.0
                ]
            ]
        },
        {
            "file_path": "./I/r_018",
            "rotation": 0.09519977738150888,
            "time": 0.9,
            "transform_matrix": [
                [
                    7.549790126404332e-08,
                    -0.3420201539993286,
                    0.9396926164627075,
                    4.424900054931641
                ],
                [
                    1.0,
                    1.3614005922590877e-07,
                    -3.079225763258364e-08,
                    -0.053084760904312134
                ],
                [
                    -1.1739823690959383e-07,
                    0.9396926164627075,
                    0.3420201539993286,
                    1.480636715888977
                ],
                [
                    0.0,
                    0.0,
                    0.0,
                    1.0
                ]
            ]
        },
        {
            "file_path": "./I/r_019",
            "rotation": 0.09519977738150888,
            "time": 0.9,
            "transform_matrix": [
                [
                    -0.8660253882408142,
                    -0.17101013660430908,
                    0.46984633803367615,
                    2.2115962505340576
                ],
                [
                    0.5000000596046448,
                    -0.2961980998516083,
                    0.813797652721405,
                    3.7804696559906006
                ],
                [
                    -5.79497658748096e-08,
                    0.9396926164627075,
                    0.3420201539993286,
                    1.480636715888977
                ],
                [
                    0.0,
                    0.0,
                    0.0,
                    1.0
                ]
            ]
        },
        {
            "file_path": "./I/r_020",
            "rotation": 0.09519977738150888,
            "time": 0.9,
            "transform_matrix": [
                [
                    -0.8660253882408142,
                    0.17101013660430908,
                    -0.46984633803367615,
                    -2.21501088142395
                ],
                [
                    -0.5000000596046448,
                    -0.2961980998516083,
                    0.813797652721405,
                    3.7804696559906006
                ],
                [
                    5.79497658748096e-08,
                    0.9396926164627075,
                    0.3420201539993286,
                    1.480636715888977
                ],
                [
                    0.0,
                    0.0,
                    0.0,
                    1.0
                ]
            ]
        },
        {
            "file_path": "./I/r_021",
            "rotation": 0.09519977738150888,
            "time": 0.9,
            "transform_matrix": [
                [
                    -4.371138828673793e-08,
                    0.34202003479003906,
                    -0.9396926760673523,
                    -4.428314685821533
                ],
                [
                    -1.0,
                    -1.495017087904671e-08,
                    4.107527118435428e-08,
                    -0.053084760904312134
                ],
                [
                    0.0,
                    0.9396926760673523,
                    0.34202003479003906,
                    1.480636715888977
                ],
                [
                    0.0,
                    0.0,
                    0.0,
                    1.0
                ]
            ]
        },
        {
            "file_path": "./I/r_022",
            "rotation": 0.09519977738150888,
            "time": 0.9,
            "transform_matrix": [
                [
                    0.8660253882408142,
                    0.17100998759269714,
                    -0.46984633803367615,
                    -2.21501088142395
                ],
                [
                    -0.5,
                    0.2961980402469635,
                    -0.8137977123260498,
                    -3.88663911819458
                ],
                [
                    3.6373403844436325e-08,
                    0.9396926760673523,
                    0.34202003479003906,
                    1.480636715888977
                ],
                [
                    0.0,
                    0.0,
                    0.0,
                    1.0
                ]
            ]
        },
        {
            "file_path": "./I/r_023",
            "rotation": 0.09519977738150888,
            "time": 0.9,
            "transform_matrix": [
                [
                    0.8660253882408142,
                    -0.17100998759269714,
                    0.46984633803367615,
                    2.2115962505340576
                ],
                [
                    0.5,
                    0.2961980402469635,
                    -0.8137977123260498,
                    -3.88663911819458
                ],
                [
                    -3.6373403844436325e-08,
                    0.9396926760673523,
                    0.34202003479003906,
                    1.480636715888977
                ],
                [
                    0.0,
                    0.0,
                    0.0,
                    1.0
                ]
            ]
        },
        {
            "file_path": "./I/r_024",
            "rotation": 0.09519977738150888,
            "time": 0.9,
            "transform_matrix": [
                [
                    -1.6292068494294654e-07,
                    -0.17364798486232758,
                    0.9848077893257141,
                    4.637423515319824
                ],
                [
                    1.0,
                    -6.008669828361235e-08,
                    1.548390997641036e-07,
                    -0.053084760904312134
                ],
                [
                    3.228635492291687e-08,
                    0.9848077893257141,
                    0.17364798486232758,
                    0.6874874234199524
                ],
                [
                    0.0,
                    0.0,
                    0.0,
                    1.0
                ]
            ]
        },
        {
            "file_path": "./I/r_025",
            "rotation": 0.09519977738150888,
            "time": 0.9,
            "transform_matrix": [
                [
                    -0.8660253882408142,
                    -0.08682414144277573,
                    0.49240389466285706,
                    2.3178582191467285
                ],
                [
                    0.5000000596046448,
                    -0.1503836214542389,
                    0.8528685569763184,
                    3.9645204544067383
                ],
                [
                    -9.630070962884929e-08,
                    0.9848077893257141,
                    0.17364810407161713,
                    0.6874874234199524
                ],
                [
                    0.0,
                    0.0,
                    0.0,
                    1.0
                ]
            ]
        },
        {
            "file_path": "./I/r_026",
            "rotation": 0.09519977738150888,
            "time": 0.9,
            "transform_matrix": [
                [
                    -0.8660253882408142,
                    0.08682414144277573,
                    -0.49240389466285706,
                    -2.321272850036621
                ],
                [
                    -0.5000000596046448,
                    -0.1503836214542389,
                    0.8528685569763184,
                    3.9645204544067383
                ],
                [
                    9.630070962884929e-08,
                    0.9848077893257141,
                    0.17364810407161713,
                    0.6874874234199524
                ],
                [
                    0.0,
                    0.0,
                    0.0,
                    1.0
                ]
            ]
        },
        {
            "file_path": "./I/r_027",
            "rotation": 0.09519977738150888,
            "time": 0.9,
            "transform_matrix": [
                [
                    -1.6292068494294654e-07,
                    0.17364798486232758,
                    -0.9848077893257141,
                    -4.640838146209717
                ],
                [
                    -1.0,
                    -6.008669828361235e-08,
                    1.548390997641036e-07,
                    -0.053084760904312134
                ],
                [
                    -3.228635492291687e-08,
                    0.9848077893257141,
                    0.17364798486232758,
                    0.6874874234199524
                ],
                [
                    0.0,
                    0.0,
                    0.0,
                    1.0
                ]
            ]
        },
        {
            "file_path": "./I/r_028",
            "rotation": 0.09519977738150888,
            "time": 0.9,
            "transform_matrix": [
                [
                    0.8660253882408142,
                    0.08682404458522797,
                    -0.49240395426750183,
                    -2.321272850036621
                ],
                [
                    -0.5000000596046448,
                    0.15038380026817322,
                    -0.8528684973716736,
                    -4.070690155029297
                ],
                [
                    8.600960654803202e-08,
                    0.9848077297210693,
                    0.17364822328090668,
                    0.6874874234199524
                ],
                [
                    0.0,
                    0.0,
                    0.0,
                    1.0
                ]
            ]
        },
        {
            "file_path": "./I/r_029",
            "rotation": 0.09519977738150888,
            "time": 0.9,
            "transform_matrix": [
                [
                    0.8660253882408142,
                    -0.08682404458522797,
                    0.49240395426750183,
                    2.3178582191467285
                ],
                [
                    0.5000000596046448,
                    0.15038380026817322,
                    -0.8528684973716736,
                    -4.070690155029297
                ],
                [
                    -8.600960654803202e-08,
                    0.9848077297210693,
                    0.17364822328090668,
                    0.6874874234199524
                ],
                [
                    0.0,
                    0.0,
                    0.0,
                    1.0
                ]
            ]
        },
        {
            "file_path": "./I/r_030",
            "rotation": 0.09519977738150888,
            "time": 0.9,
            "transform_matrix": [
                [
                    -4.371138828673793e-08,
                    4.371138828673793e-08,
                    1.0,
                    4.70898962020874
                ],
                [
                    1.0,
                    1.910685676922942e-15,
                    4.371138828673793e-08,
                    -0.053084760904312134
                ],
                [
                    0.0,
                    1.0,
                    -4.371138828673793e-08,
                    -0.13051655888557434
                ],
                [
                    0.0,
                    0.0,
                    0.0,
                    1.0
                ]
            ]
        },
        {
            "file_path": "./I/r_031",
            "rotation": 0.09519977738150888,
            "time": 0.9,
            "transform_matrix": [
                [
                    -0.8660253882408142,
                    -3.102908507912616e-08,
                    0.5000000596046448,
                    2.3536412715911865
                ],
                [
                    0.5000000596046448,
                    6.838821775545512e-08,
                    0.8660253882408142,
                    4.026498317718506
                ],
                [
                    -6.1066089074302e-08,
                    1.0,
                    -4.371138828673793e-08,
                    -0.13051655888557434
                ],
                [
                    0.0,
                    0.0,
                    0.0,
                    1.0
                ]
            ]
        },
        {
            "file_path": "./I/r_032",
            "rotation": 0.09519977738150888,
            "time": 0.9,
            "transform_matrix": [
                [
                    -0.8660253882408142,
                    8.5179529207835e-08,
                    -0.5000000596046448,
                    -2.3570556640625
                ],
                [
                    -0.5000000596046448,
                    9.965199865291652e-08,
                    0.8660253882408142,
                    4.026498317718506
                ],
                [
                    1.235936366583701e-07,
                    1.0,
                    -4.371138828673793e-08,
                    -0.13051655888557434
                ],
                [
                    0.0,
                    0.0,
                    0.0,
                    1.0
                ]
            ]
        },
        {
            "file_path": "./I/r_033",
            "rotation": 0.09519977738150888,
            "time": 0.9,
            "transform_matrix": [
                [
                    -4.371138828673793e-08,
                    -4.371138828673793e-08,
                    -1.0,
                    -4.712404251098633
                ],
                [
                    -1.0,
                    1.910685676922942e-15,
                    4.371138828673793e-08,
                    -0.053084760904312134
                ],
                [
                    0.0,
                    1.0,
                    -4.371138828673793e-08,
                    -0.13051655888557434
                ],
                [
                    0.0,
                    0.0,
                    0.0,
                    1.0
                ]
            ]
        },
        {
            "file_path": "./I/r_034",
            "rotation": 0.09519977738150888,
            "time": 0.9,
            "transform_matrix": [
                [
                    0.866025447845459,
                    -5.1658027189205313e-08,
                    -0.49999991059303284,
                    -2.3570556640625
                ],
                [
                    -0.49999991059303284,
                    1.1700223012667266e-07,
                    -0.866025447845459,
                    -4.1326680183410645
                ],
                [
                    1.0323827126512697e-07,
                    1.0,
                    7.549790126404332e-08,
                    -0.13051655888557434
                ],
                [
                    0.0,
                    0.0,
                    0.0,
                    1.0
                ]
            ]
        },
        {
            "file_path": "./I/r_035",
            "rotation": 0.09519977738150888,
            "time": 0.9,
            "transform_matrix": [
                [
                    0.8660253882408142,
                    5.711222073045974e-08,
                    0.5,
                    2.3536412715911865
                ],
                [
                    0.5,
                    -1.7499807825060998e-08,
                    -0.8660253882408142,
                    -4.1326680183410645
                ],
                [
                    -4.071073078648624e-08,
                    1.0,
                    -4.371138828673793e-08,
                    -0.13051655888557434
                ],
                [
                    0.0,
                    0.0,
                    0.0,
                    1.0
                ]
            ]
        },
        {
            "file_path": "./I/r_036",
            "rotation": 0.09519977738150888,
            "time": 0.9,
            "transform_matrix": [
                [
                    -1.6292068494294654e-07,
                    0.17364829778671265,
                    0.9848077297210693,
                    4.637423515319824
                ],
                [
                    1.0,
                    6.008675512703121e-08,
                    1.5483907134239416e-07,
                    -0.053084760904312134
                ],
                [
                    -3.228635492291687e-08,
                    0.9848077297210693,
                    -0.17364829778671265,
                    -0.9485205411911011
                ],
                [
                    0.0,
                    0.0,
                    0.0,
                    1.0
                ]
            ]
        },
        {
            "file_path": "./I/r_037",
            "rotation": 0.09519977738150888,
            "time": 0.9,
            "transform_matrix": [
                [
                    -0.8660253882408142,
                    0.08682405948638916,
                    0.49240392446517944,
                    2.3178582191467285
                ],
                [
                    0.5000000596046448,
                    0.15038375556468964,
                    0.8528684973716736,
                    3.9645204544067383
                ],
                [
                    -4.7418698301271434e-08,
                    0.9848077297210693,
                    -0.1736481934785843,
                    -0.9485205411911011
                ],
                [
                    0.0,
                    0.0,
                    0.0,
                    1.0
                ]
            ]
        },
        {
            "file_path": "./I/r_038",
            "rotation": 0.09519977738150888,
            "time": 0.9,
            "transform_matrix": [
                [
                    -0.8660253882408142,
                    -0.08682405948638916,
                    -0.49240392446517944,
                    -2.321272850036621
                ],
                [
                    -0.5000000596046448,
                    0.15038375556468964,
                    0.8528684973716736,
                    3.9645204544067383
                ],
                [
                    4.7418698301271434e-08,
                    0.9848077297210693,
                    -0.1736481934785843,
                    -0.9485205411911011
                ],
                [
                    0.0,
                    0.0,
                    0.0,
                    1.0
                ]
            ]
        },
        {
            "file_path": "./I/r_039",
            "rotation": 0.09519977738150888,
            "time": 0.9,
            "transform_matrix": [
                [
                    -1.6292068494294654e-07,
                    -0.17364829778671265,
                    -0.9848077297210693,
                    -4.640838146209717
                ],
                [
                    -1.0,
                    6.008675512703121e-08,
                    1.5483907134239416e-07,
                    -0.053084760904312134
                ],
                [
                    3.228635492291687e-08,
                    0.9848077297210693,
                    -0.17364829778671265,
                    -0.9485205411911011
                ],
                [
                    0.0,
                    0.0,
                    0.0,
                    1.0
                ]
            ]
        },
        {
            "file_path": "./I/r_040",
            "rotation": 0.09519977738150888,
            "time": 0.9,
            "transform_matrix": [
                [
                    0.866025447845459,
                    -0.08682404458522797,
                    -0.4924038052558899,
                    -2.321272850036621
                ],
                [
                    -0.49999991059303284,
                    -0.15038377046585083,
                    -0.8528685569763184,
                    -4.070690155029297
                ],
                [
                    -3.8357445220071895e-08,
                    0.9848077297210693,
                    -0.1736481934785843,
                    -0.9485205411911011
                ],
                [
                    0.0,
                    0.0,
                    0.0,
                    1.0
                ]
            ]
        },
        {
            "file_path": "./I/r_041",
            "rotation": 0.09519977738150888,
            "time": 0.9,
            "transform_matrix": [
                [
                    0.866025447845459,
                    0.08682404458522797,
                    0.4924038052558899,
                    2.3178582191467285
                ],
                [
                    0.49999991059303284,
                    -0.15038377046585083,
                    -0.8528685569763184,
                    -4.070690155029297
                ],
                [
                    3.8357445220071895e-08,
                    0.9848077297210693,
                    -0.1736481934785843,
                    -0.9485205411911011
                ],
                [
                    0.0,
                    0.0,
                    0.0,
                    1.0
                ]
            ]
        },
        {
            "file_path": "./I/r_042",
            "rotation": 0.09519977738150888,
            "time": 0.9,
            "transform_matrix": [
                [
                    -1.6292068494294654e-07,
                    0.3420202434062958,
                    0.9396926164627075,
                    4.424900054931641
                ],
                [
                    1.0,
                    1.6604040808942955e-07,
                    1.1294279289586484e-07,
                    -0.053084760904312134
                ],
                [
                    -1.1739821559331176e-07,
                    0.9396926164627075,
                    -0.3420202434062958,
                    -1.741669774055481
                ],
                [
                    0.0,
                    0.0,
                    0.0,
                    1.0
                ]
            ]
        },
        {
            "file_path": "./I/r_043",
            "rotation": 0.09519977738150888,
            "time": 0.9,
            "transform_matrix": [
                [
                    -0.8660255074501038,
                    0.17100994288921356,
                    0.4698461890220642,
                    2.2115962505340576
                ],
                [
                    0.4999998211860657,
                    0.29619818925857544,
                    0.8137977719306946,
                    3.7804696559906006
                ],
                [
                    -8.002387374972386e-08,
                    0.9396926164627075,
                    -0.3420201241970062,
                    -1.741669774055481
                ],
                [
                    0.0,
                    0.0,
                    0.0,
                    1.0
                ]
            ]
        },
        {
            "file_path": "./I/r_044",
            "rotation": 0.09519977738150888,
            "time": 0.9,
            "transform_matrix": [
                [
                    -0.8660255074501038,
                    -0.17100994288921356,
                    -0.4698461890220642,
