{
    "camera_angle_x": 0.691111147403717,
    "frames": [
        {
            "file_path": "./B/r_000",
            "rotation": 0.09519977738150888,
            "time": 0.1,
            "transform_matrix": [
                [
                    -4.371138828673793e-08,
                    -0.9848077297210693,
                    0.17364820837974548,
                    0.8748989701271057
                ],
                [
                    1.0,
                    -2.5731488051405904e-08,
                    1.0579332609950143e-07,
                    -0.04536816477775574
                ],
                [
                    -9.971785885909412e-08,
                    0.17364820837974548,
                    0.9848077297210693,
                    4.9204301834106445
                ],
                [
                    0.0,
                    0.0,
                    0.0,
                    1.0
                ]
            ]
        },
        {
            "file_path": "./B/r_001",
            "rotation": 0.09519977738150888,
            "time": 0.1,
            "transform_matrix": [
                [
                    -0.8660253882408142,
                    -0.49240392446517944,
                    0.08682398498058319,
                    0.4425811171531677
                ],
                [
                    0.5000000596046448,
                    -0.8528684973716736,
                    0.15038368105888367,
                    0.703428328037262
                ],
                [
                    -7.413215996621147e-08,
                    0.17364808917045593,
                    0.9848077893257141,
                    4.9204301834106445
                ],
                [
                    0.0,
                    0.0,
                    0.0,
                    1.0
                ]
            ]
        },
        {
            "file_path": "./B/r_002",
            "rotation": 0.09519977738150888,
            "time": 0.1,
            "transform_matrix": [
                [
                    -0.8660253882408142,
                    0.49240392446517944,
                    -0.08682398498058319,
                    -0.42205458879470825
                ],
                [
                    -0.5000000596046448,
                    -0.8528684973716736,
                    0.15038368105888367,
                    0.703428328037262
                ],
                [
                    7.413215996621147e-08,
                    0.17364808917045593,
                    0.9848077893257141,
                    4.9204301834106445
                ],
                [
                    0.0,
                    0.0,
                    0.0,
                    1.0
                ]
            ]
        },
        {
            "file_path": "./B/r_003",
            "rotation": 0.09519977738150888,
            "time": 0.1,
            "transform_matrix": [
                [
                    -4.371138828673793e-08,
                    0.9848077297210693,
                    -0.17364820837974548,
                    -0.8543724417686462
                ],
                [
                    -1.0,
                    -2.5731488051405904e-08,
                    1.0579332609950143e-07,
                    -0.04536816477775574
                ],
                [
                    9.971785885909412e-08,
                    0.17364820837974548,
                    0.9848077297210693,
                    4.9204301834106445
                ],
                [
                    0.0,
                    0.0,
                    0.0,
                    1.0
                ]
            ]
        },
        {
            "file_path": "./B/r_004",
            "rotation": 0.09519977738150888,
            "time": 0.1,
            "transform_matrix": [
                [
                    0.8660253882408142,
                    0.49240386486053467,
                    -0.0868242084980011,
                    -0.42205458879470825
                ],
                [
                    -0.5,
                    0.8528684973716736,
                    -0.1503838151693344,
                    -0.7941646575927734
                ],
                [
                    6.212034975305869e-08,
                    0.17364829778671265,
                    0.9848077297210693,
                    4.9204301834106445
                ],
                [
                    0.0,
                    0.0,
                    0.0,
                    1.0
                ]
            ]
        },
        {
            "file_path": "./B/r_005",
            "rotation": 0.09519977738150888,
            "time": 0.1,
            "transform_matrix": [
                [
                    0.8660253882408142,
                    -0.49240386486053467,
                    0.0868242084980011,
                    0.4425811171531677
                ],
                [
                    0.5,
                    0.8528684973716736,
                    -0.1503838151693344,
                    -0.7941646575927734
                ],
                [
                    -6.212034975305869e-08,
                    0.17364829778671265,
                    0.9848077297210693,
                    4.9204301834106445
                ],
                [
                    0.0,
                    0.0,
                    0.0,
                    1.0
                ]
            ]
        },
        {
            "file_path": "./B/r_006",
            "rotation": 0.09519977738150888,
            "time": 0.1,
            "transform_matrix": [
                [
                    -4.371138828673793e-08,
                    -0.8660253882408142,
                    0.5,
                    2.499882698059082
                ],
                [
                    1.0,
                    -1.3018504319006752e-07,
                    -1.3806432264118484e-07,
                    -0.04536816477775574
                ],
                [
                    1.8465972573267209e-07,
                    0.5,
                    0.8660253882408142,
                    4.32898473739624
                ],
                [
                    0.0,
                    0.0,
                    0.0,
                    1.0
                ]
            ]
        },
        {
            "file_path": "./B/r_007",
            "rotation": 0.09519977738150888,
            "time": 0.1,
            "transform_matrix": [
                [
                    -0.8660253882408142,
                    -0.4330126941204071,
                    0.25000008940696716,
                    1.2550729513168335
                ],
                [
                    0.5000000596046448,
                    -0.7499999403953552,
                    0.43301278352737427,
                    2.1107053756713867
                ],
                [
                    8.541895191171989e-09,
                    0.5000001192092896,
                    0.8660253286361694,
                    4.32898473739624
                ],
                [
                    0.0,
                    0.0,
                    0.0,
                    1.0
                ]
            ]
        },
        {
            "file_path": "./B/r_008",
            "rotation": 0.09519977738150888,
            "time": 0.1,
            "transform_matrix": [
                [
                    -0.8660253882408142,
                    0.4330126941204071,
                    -0.25000008940696716,
                    -1.234546422958374
                ],
                [
                    -0.5000000596046448,
                    -0.7499999403953552,
                    0.43301278352737427,
                    2.1107053756713867
                ],
                [
                    -8.541895191171989e-09,
                    0.5000001192092896,
                    0.8660253286361694,
                    4.32898473739624
                ],
                [
                    0.0,
                    0.0,
                    0.0,
                    1.0
                ]
            ]
        },
        {
            "file_path": "./B/r_009",
            "rotation": 0.09519977738150888,
            "time": 0.1,
            "transform_matrix": [
                [
                    -4.371138828673793e-08,
                    0.8660253882408142,
                    -0.5,
                    -2.479356050491333
                ],
                [
                    -1.0,
                    -7.856590400479035e-08,
                    -4.8657359030812586e-08,
                    -0.04536816477775574
                ],
                [
                    -8.142146157297248e-08,
                    0.5,
                    0.8660253882408142,
                    4.32898473739624
                ],
                [
                    0.0,
                    0.0,
                    0.0,
                    1.0
                ]
            ]
        },
        {
            "file_path": "./B/r_010",
            "rotation": 0.09519977738150888,
            "time": 0.1,
            "transform_matrix": [
                [
                    0.8660253882408142,
                    0.4330127537250519,
                    -0.24999995529651642,
                    -1.234546422958374
                ],
                [
                    -0.5,
                    0.75,
                    -0.4330126941204071,
                    -2.201441764831543
                ],
                [
                    -3.662485070776711e-08,
                    0.4999999701976776,
                    0.866025447845459,
                    4.32898473739624
                ],
                [
                    0.0,
                    0.0,
                    0.0,
                    1.0
                ]
            ]
        },
        {
            "file_path": "./B/r_011",
            "rotation": 0.09519977738150888,
            "time": 0.1,
            "transform_matrix": [
                [
                    0.8660253882408142,
                    -0.4330127537250519,
                    0.24999995529651642,
                    1.2550729513168335
                ],
                [
                    0.5,
                    0.75,
                    -0.4330126941204071,
                    -2.201441764831543
                ],
                [
                    3.662485070776711e-08,
                    0.4999999701976776,
                    0.866025447845459,
                    4.32898473739624
                ],
                [
                    0.0,
                    0.0,
                    0.0,
                    1.0
                ]
            ]
        },
        {
            "file_path": "./B/r_012",
            "rotation": 0.09519977738150888,
            "time": 0.1,
            "transform_matrix": [
                [
                    -4.371138828673793e-08,
                    -0.6427876353263855,
                    0.7660444378852844,
                    3.8245813846588135
                ],
                [
                    1.0,
                    -2.6125372087903997e-08,
                    3.513937585353233e-08,
                    -0.04536816477775574
                ],
                [
                    -2.573959045903962e-09,
                    0.7660444378852844,
                    0.6427876353263855,
                    3.217430353164673
                ],
                [
                    0.0,
                    0.0,
                    0.0,
                    1.0
                ]
            ]
        },
        {
            "file_path": "./B/r_013",
            "rotation": 0.09519977738150888,
            "time": 0.1,
            "transform_matrix": [
                [
                    -0.8660253882408142,
                    -0.3213939070701599,
                    0.3830221891403198,
                    1.9174222946166992
                ],
                [
                    0.5000000596046448,
                    -0.5566704273223877,
                    0.6634138822555542,
                    3.2579283714294434
                ],
                [
                    -5.2947839890293835e-08,
                    0.7660443782806396,
                    0.6427876949310303,
                    3.217430353164673
                ],
                [
                    0.0,
                    0.0,
                    0.0,
                    1.0
                ]
            ]
        },
        {
            "file_path": "./B/r_014",
            "rotation": 0.09519977738150888,
            "time": 0.1,
            "transform_matrix": [
                [
                    -0.8660253882408142,
                    0.3213939070701599,
                    -0.3830221891403198,
                    -1.8968957662582397
                ],
                [
                    -0.5000000596046448,
                    -0.5566704273223877,
                    0.6634138822555542,
                    3.2579283714294434
                ],
                [
                    5.2947839890293835e-08,
                    0.7660443782806396,
                    0.6427876949310303,
                    3.217430353164673
                ],
                [
                    0.0,
                    0.0,
                    0.0,
                    1.0
                ]
            ]
        },
        {
            "file_path": "./B/r_015",
            "rotation": 0.09519977738150888,
            "time": 0.1,
            "transform_matrix": [
                [
                    -4.371138828673793e-08,
                    0.6427876353263855,
                    -0.7660444378852844,
                    -3.8040549755096436
                ],
                [
                    -1.0,
                    -2.6125372087903997e-08,
                    3.513937585353233e-08,
                    -0.04536816477775574
                ],
                [
                    2.573959045903962e-09,
                    0.7660444378852844,
                    0.6427876353263855,
                    3.217430353164673
                ],
                [
                    0.0,
                    0.0,
                    0.0,
                    1.0
                ]
            ]
        },
        {
            "file_path": "./B/r_016",
            "rotation": 0.09519977738150888,
            "time": 0.1,
            "transform_matrix": [
                [
                    0.8660253882408142,
                    0.32139384746551514,
                    -0.3830221891403198,
                    -1.8968957662582397
                ],
                [
                    -0.5,
                    0.5566704869270325,
                    -0.6634138822555542,
                    -3.3486645221710205
                ],
                [
                    1.1397462529316726e-08,
                    0.7660443782806396,
                    0.6427876949310303,
                    3.217430353164673
                ],
                [
                    0.0,
                    0.0,
                    0.0,
                    1.0
                ]
            ]
        },
        {
            "file_path": "./B/r_017",
            "rotation": 0.09519977738150888,
            "time": 0.1,
            "transform_matrix": [
                [
                    0.8660253882408142,
                    -0.32139384746551514,
                    0.3830221891403198,
                    1.9174222946166992
                ],
                [
                    0.5,
                    0.5566704869270325,
                    -0.6634138822555542,
                    -3.3486645221710205
                ],
                [
                    -1.1397462529316726e-08,
                    0.7660443782806396,
                    0.6427876949310303,
                    3.217430353164673
                ],
                [
                    0.0,
                    0.0,
                    0.0,
                    1.0
                ]
            ]
        },
        {
            "file_path": "./B/r_018",
            "rotation": 0.09519977738150888,
            "time": 0.1,
            "transform_matrix": [
                [
                    -4.371138828673793e-08,
                    -0.34202003479003906,
                    0.9396926760673523,
                    4.6892170906066895
                ],
                [
                    1.0,
                    -1.495017087904671e-08,
                    4.107527118435428e-08,
                    -0.04536816477775574
                ],
                [
                    0.0,
                    0.9396926760673523,
                    0.34202003479003906,
                    1.7198373079299927
                ],
                [
                    0.0,
                    0.0,
                    0.0,
                    1.0
                ]
            ]
        },
        {
            "file_path": "./B/r_019",
            "rotation": 0.09519977738150888,
            "time": 0.1,
            "transform_matrix": [
                [
                    -0.8660253882408142,
                    -0.17101015150547028,
                    0.46984633803367615,
                    2.3497402667999268
                ],
                [
                    0.5000000596046448,
                    -0.2961982190608978,
                    0.8137975931167603,
                    4.006724834442139
                ],
                [
                    -2.025812628758672e-09,
                    0.9396925568580627,
                    0.34202027320861816,
                    1.7198373079299927
                ],
                [
                    0.0,
                    0.0,
                    0.0,
                    1.0
                ]
            ]
        },
        {
            "file_path": "./B/r_020",
            "rotation": 0.09519977738150888,
            "time": 0.1,
            "transform_matrix": [
                [
                    -0.8660253882408142,
                    0.17101013660430908,
                    -0.46984633803367615,
                    -2.3292136192321777
                ],
                [
                    -0.5000000596046448,
                    -0.2961979806423187,
                    0.8137977123260498,
                    4.006724834442139
                ],
                [
                    1.2281007855108328e-07,
                    0.9396926760673523,
                    0.34202003479003906,
                    1.7198373079299927
                ],
                [
                    0.0,
                    0.0,
                    0.0,
                    1.0
                ]
            ]
        },
        {
            "file_path": "./B/r_021",
            "rotation": 0.09519977738150888,
            "time": 0.1,
            "transform_matrix": [
                [
                    -4.371138828673793e-08,
                    0.34202003479003906,
                    -0.9396926760673523,
                    -4.6686906814575195
                ],
                [
                    -1.0,
                    -1.495017087904671e-08,
                    4.107527118435428e-08,
                    -0.04536816477775574
                ],
                [
                    0.0,
                    0.9396926760673523,
                    0.34202003479003906,
                    1.7198373079299927
                ],
                [
                    0.0,
                    0.0,
                    0.0,
                    1.0
                ]
            ]
        },
        {
            "file_path": "./B/r_022",
            "rotation": 0.09519977738150888,
            "time": 0.1,
            "transform_matrix": [
                [
                    0.8660253882408142,
                    0.17101000249385834,
                    -0.4698463976383209,
                    -2.3292136192321777
                ],
                [
                    -0.5000000596046448,
                    0.2961980402469635,
                    -0.813797652721405,
                    -4.097461223602295
                ],
                [
                    4.818645038540126e-08,
                    0.9396926760673523,
                    0.34202003479003906,
                    1.7198373079299927
                ],
                [
                    0.0,
                    0.0,
                    0.0,
                    1.0
                ]
            ]
        },
        {
            "file_path": "./B/r_023",
            "rotation": 0.09519977738150888,
            "time": 0.1,
            "transform_matrix": [
                [
                    0.8660253882408142,
                    -0.17101004719734192,
                    0.46984633803367615,
                    2.3497402667999268
                ],
                [
                    0.5,
                    0.29619815945625305,
                    -0.813797652721405,
                    -4.097461223602295
                ],
                [
                    -3.806642823178663e-08,
                    0.9396926164627075,
                    0.3420201539993286,
                    1.7198373079299927
                ],
                [
                    0.0,
                    0.0,
                    0.0,
                    1.0
                ]
            ]
        },
        {
            "file_path": "./B/r_024",
            "rotation": 0.09519977738150888,
            "time": 0.1,
            "transform_matrix": [
                [
                    7.549790126404332e-08,
                    -0.17364810407161713,
                    0.9848077893257141,
                    4.913856029510498
                ],
                [
                    1.0,
                    -2.891771799795606e-08,
                    -8.176154864258933e-08,
                    -0.04536816477775574
                ],
                [
                    4.267613107344914e-08,
                    0.9848077893257141,
                    0.17364810407161713,
                    0.8814731240272522
                ],
                [
                    0.0,
                    0.0,
                    0.0,
                    1.0
                ]
            ]
        },
        {
            "file_path": "./B/r_025",
            "rotation": 0.09519977738150888,
            "time": 0.1,
            "transform_matrix": [
                [
                    -0.8660253882408142,
                    -0.08682403713464737,
                    0.49240392446517944,
                    2.462059736251831
                ],
                [
                    0.5000000596046448,
                    -0.15038368105888367,
                    0.8528684973716736,
                    4.201267719268799
                ],
                [
                    2.4038197210529688e-08,
                    0.9848077893257141,
                    0.17364810407161713,
                    0.8814731240272522
                ],
                [
                    0.0,
                    0.0,
                    0.0,
                    1.0
                ]
            ]
        },
        {
            "file_path": "./B/r_026",
            "rotation": 0.09519977738150888,
            "time": 0.1,
            "transform_matrix": [
                [
                    -0.8660253882408142,
                    0.08682418614625931,
                    -0.49240389466285706,
                    -2.441533088684082
                ],
                [
                    -0.5000000596046448,
                    -0.15038372576236725,
                    0.8528684973716736,
                    4.201267719268799
                ],
                [
                    7.976181848334818e-08,
                    0.9848077297210693,
                    0.17364822328090668,
                    0.8814731240272522
                ],
                [
                    0.0,
                    0.0,
                    0.0,
                    1.0
                ]
            ]
        },
        {
            "file_path": "./B/r_027",
            "rotation": 0.09519977738150888,
            "time": 0.1,
            "transform_matrix": [
                [
                    -1.6292068494294654e-07,
                    0.17364798486232758,
                    -0.9848077893257141,
                    -4.893329620361328
                ],
                [
                    -1.0,
                    -6.008669828361235e-08,
                    1.548390997641036e-07,
                    -0.04536816477775574
                ],
                [
                    -3.228635492291687e-08,
                    0.9848077893257141,
                    0.17364798486232758,
                    0.8814731240272522
                ],
                [
                    0.0,
                    0.0,
                    0.0,
                    1.0
                ]
            ]
        },
        {
            "file_path": "./B/r_028",
            "rotation": 0.09519977738150888,
            "time": 0.1,
            "transform_matrix": [
                [
                    0.8660253882408142,
                    0.08682407438755035,
                    -0.49240389466285706,
                    -2.441533088684082
                ],
                [
                    -0.5,
                    0.15038365125656128,
                    -0.8528685569763184,
                    -4.292004108428955
                ],
                [
                    -2.2285446377168228e-08,
                    0.9848077893257141,
                    0.17364810407161713,
                    0.8814731240272522
                ],
                [
                    0.0,
                    0.0,
                    0.0,
                    1.0
                ]
            ]
        },
        {
            "file_path": "./B/r_029",
            "rotation": 0.09519977738150888,
            "time": 0.1,
            "transform_matrix": [
                [
                    0.8660253882408142,
                    -0.08682408928871155,
                    0.49240389466285706,
                    2.462059736251831
                ],
                [
                    0.5,
                    0.15038378536701202,
                    -0.8528684973716736,
                    -4.292004108428955
                ],
                [
                    -2.3401803161959833e-08,
                    0.9848077297210693,
                    0.17364822328090668,
                    0.8814731240272522
                ],
                [
                    0.0,
                    0.0,
                    0.0,
                    1.0
                ]
            ]
        },
        {
            "file_path": "./B/r_030",
            "rotation": 0.09519977738150888,
            "time": 0.1,
            "transform_matrix": [
                [
                    -4.371138828673793e-08,
                    4.371138828673793e-08,
                    1.0,
                    4.989501953125
                ],
                [
                    1.0,
                    1.910685676922942e-15,
                    4.371138828673793e-08,
                    -0.04536816477775574
                ],
                [
                    0.0,
                    1.0,
                    -4.371138828673793e-08,
                    0.016837388277053833
                ],
                [
                    0.0,
                    0.0,
                    0.0,
                    1.0
                ]
            ]
        },
        {
            "file_path": "./B/r_031",
            "rotation": 0.09519977738150888,
            "time": 0.1,
            "transform_matrix": [
                [
                    -0.8660253882408142,
                    4.227435290715675e-09,
                    0.5000000596046448,
                    2.499882698059082
                ],
                [
                    0.5000000596046448,
                    4.8032855914925676e-08,
                    0.8660253882408142,
                    4.266778945922852
                ],
                [
                    -2.035536361688628e-08,
                    1.0,
                    -4.371138828673793e-08,
                    0.016837388277053833
                ],
                [
                    0.0,
                    0.0,
                    0.0,
                    1.0
                ]
            ]
        },
        {
            "file_path": "./B/r_032",
            "rotation": 0.09519977738150888,
            "time": 0.1,
            "transform_matrix": [
                [
                    -0.8660253882408142,
                    -4.227435290715675e-09,
                    -0.5000000596046448,
                    -2.479356050491333
                ],
                [
                    -0.5000000596046448,
                    4.8032855914925676e-08,
                    0.8660253882408142,
                    4.266778945922852
                ],
                [
                    2.035536361688628e-08,
                    1.0,
                    -4.371138828673793e-08,
                    0.016837388277053833
                ],
                [
                    0.0,
                    0.0,
                    0.0,
                    1.0
                ]
            ]
        },
        {
            "file_path": "./B/r_033",
            "rotation": 0.09519977738150888,
            "time": 0.1,
            "transform_matrix": [
                [
                    -4.371138828673793e-08,
                    -4.371138828673793e-08,
                    -1.0,
                    -4.96897554397583
                ],
                [
                    -1.0,
                    1.910685676922942e-15,
                    4.371138828673793e-08,
                    -0.04536816477775574
                ],
                [
                    0.0,
                    1.0,
                    -4.371138828673793e-08,
                    0.016837388277053833
                ],
                [
                    0.0,
                    0.0,
                    0.0,
                    1.0
                ]
            ]
        },
        {
            "file_path": "./B/r_034",
            "rotation": 0.09519977738150888,
            "time": 0.1,
            "transform_matrix": [
                [
                    0.8660253882408142,
                    -2.1855697696082643e-08,
                    -0.5000000596046448,
                    -2.479356050491333
                ],
                [
                    -0.5000000596046448,
                    -3.785517321830412e-08,
                    -0.8660253882408142,
                    -4.357515335083008
                ],
                [
                    0.0,
                    1.0,
                    -4.371138828673793e-08,
                    0.016837388277053833
                ],
                [
                    0.0,
                    0.0,
                    0.0,
                    1.0
                ]
            ]
        },
        {
            "file_path": "./B/r_035",
            "rotation": 0.09519977738150888,
            "time": 0.1,
            "transform_matrix": [
                [
                    0.8660253882408142,
                    5.711222428317342e-08,
                    0.5000000596046448,
                    2.499882698059082
                ],
                [
                    0.5000000596046448,
                    -1.749980427234732e-08,
                    -0.8660253882408142,
                    -4.357515335083008
                ],
                [
                    -4.071073078648624e-08,
                    1.0,
                    -4.371138828673793e-08,
                    0.016837388277053833
                ],
                [
                    0.0,
                    0.0,
                    0.0,
                    1.0
                ]
            ]
        },
        {
            "file_path": "./B/r_036",
            "rotation": 0.09519977738150888,
            "time": 0.1,
            "transform_matrix": [
                [
                    7.549790126404332e-08,
                    0.17364829778671265,
                    0.9848077297210693,
                    4.913856029510498
                ],
                [
                    1.0,
                    2.8917702010744506e-08,
                    -8.176155574801669e-08,
                    -0.04536816477775574
                ],
                [
                    -4.267613107344914e-08,
                    0.9848077297210693,
                    -0.17364829778671265,
                    -0.8477983474731445
                ],
                [
                    0.0,
                    0.0,
                    0.0,
                    1.0
                ]
            ]
        },
        {
            "file_path": "./B/r_037",
            "rotation": 0.09519977738150888,
            "time": 0.1,
            "transform_matrix": [
                [
                    -0.8660253882408142,
                    0.08682414889335632,
                    0.49240389466285706,
                    2.462059736251831
                ],
                [
                    0.5000000596046448,
                    0.1503838449716568,
                    0.8528684973716736,
                    4.201267719268799
                ],
                [
                    -1.554250772528576e-08,
                    0.9848077297210693,
                    -0.17364829778671265,
                    -0.8477983474731445
                ],
                [
                    0.0,
                    0.0,
                    0.0,
                    1.0
                ]
            ]
        },
        {
            "file_path": "./B/r_038",
            "rotation": 0.09519977738150888,
            "time": 0.1,
            "transform_matrix": [
                [
                    -0.8660253882408142,
                    -0.08682401478290558,
                    -0.49240392446517944,
                    -2.441533088684082
                ],
                [
                    -0.5000000596046448,
                    0.15038378536701202,
                    0.8528684973716736,
                    4.201267719268799
                ],
                [
                    1.0293015861861932e-07,
                    0.9848077297210693,
                    -0.1736481934785843,
                    -0.8477983474731445
                ],
                [
                    0.0,
                    0.0,
                    0.0,
                    1.0
                ]
            ]
        },
        {
            "file_path": "./B/r_039",
            "rotation": 0.09519977738150888,
            "time": 0.1,
            "transform_matrix": [
                [
                    7.549790126404332e-08,
                    -0.1736481934785843,
                    -0.9848077297210693,
                    -4.893329620361328
                ],
                [
                    -1.0,
                    -1.311007302717826e-08,
                    -7.435091475826994e-08,
                    -0.04536816477775574
                ],
                [
                    0.0,
                    0.9848077297210693,
                    -0.1736481934785843,
                    -0.8477983474731445
                ],
                [
                    0.0,
                    0.0,
                    0.0,
                    1.0
                ]
            ]
        },
        {
            "file_path": "./B/r_040",
            "rotation": 0.09519977738150888,
            "time": 0.1,
            "transform_matrix": [
                [
                    0.866025447845459,
                    -0.08682401478290558,
                    -0.4924038052558899,
                    -2.441533088684082
                ],
                [
                    -0.49999991059303284,
                    -0.15038378536701202,
                    -0.8528685569763184,
                    -4.292004108428955
                ],
                [
                    -7.536508661587504e-08,
                    0.9848077297210693,
                    -0.1736481934785843,
                    -0.8477983474731445
                ],
                [
                    0.0,
                    0.0,
                    0.0,
                    1.0
                ]
            ]
        },
        {
            "file_path": "./B/r_041",
            "rotation": 0.09519977738150888,
            "time": 0.1,
            "transform_matrix": [
                [
                    0.866025447845459,
                    0.08682405948638916,
                    0.4924037754535675,
                    2.462059736251831
                ],
                [
                    0.49999991059303284,
                    -0.1503836214542389,
                    -0.8528686165809631,
                    -4.292004108428955
                ],
                [
                    -4.566594924426681e-08,
                    0.9848077893257141,
                    -0.17364807426929474,
                    -0.8477983474731445
                ],
                [
                    0.0,
                    0.0,
                    0.0,
                    1.0
                ]
            ]
        },
        {
            "file_path": "./B/r_042",
            "rotation": 0.09519977738150888,
            "time": 0.1,
            "transform_matrix": [
                [
                    -4.371138828673793e-08,
                    0.3420202434062958,
                    0.9396926164627075,
                    4.6892170906066895
                ],
                [
                    1.0,
                    1.4950179760830906e-08,
                    4.10752676316406e-08,
                    -0.04536816477775574
                ],
                [
                    0.0,
                    0.9396926164627075,
                    -0.3420202434062958,
                    -1.6861625909805298
                ],
                [
                    0.0,
                    0.0,
                    0.0,
                    1.0
                ]
            ]
        },
        {
            "file_path": "./B/r_043",
            "rotation": 0.09519977738150888,
            "time": 0.1,
            "transform_matrix": [
                [
                    -0.8660255074501038,
                    0.17100997269153595,
                    0.4698461592197418,
                    2.3497402667999268
                ],
                [
                    0.4999998211860657,
                    0.2961982786655426,
                    0.8137977123260498,
                    4.006724834442139
                ],
                [
                    -1.1067399441344605e-07,
                    0.9396926164627075,
                    -0.3420202434062958,
                    -1.6861625909805298
                ],
                [
                    0.0,
                    0.0,
                    0.0,
                    1.0
                ]
            ]
        },
        {
            "file_path": "./B/r_044",
            "rotation": 0.09519977738150888,
            "time": 0.1,
            "transform_matrix": [
                [
                    -0.8660253882408142,
                    -0.1710101217031479,
                    -0.46984633803367615,
                    -2.3292136192321777
                ],
                [
                    -0.5000000596046448,
