{
    "camera_angle_x": 0.691111147403717,
    "frames": [
        {
            "file_path": "./F/r_000",
            "rotation": 0.09519977738150888,
            "time": 0.5,
            "transform_matrix": [
                [
                    -1.6292068494294654e-07,
                    -0.9848077297210693,
                    0.17364820837974548,
                    0.7473852634429932
                ],
                [
                    1.0,
                    -2.018210949472632e-07,
                    -2.0636146302877023e-07,
                    -0.05713489651679993
                ],
                [
                    2.3827223571970535e-07,
                    0.17364820837974548,
                    0.9848077297210693,
                    4.24006462097168
                ],
                [
                    0.0,
                    0.0,
                    0.0,
                    1.0
                ]
            ]
        },
        {
            "file_path": "./F/r_001",
            "rotation": 0.09519977738150888,
            "time": 0.5,
            "transform_matrix": [
                [
                    -0.8660253882408142,
                    -0.49240389466285706,
                    0.08682429045438766,
                    0.3656005561351776
                ],
                [
                    0.5000000596046448,
                    -0.8528684973716736,
                    0.1503838449716568,
                    0.6041355729103088
                ],
                [
                    1.1278933698122273e-07,
                    0.17364837229251862,
                    0.9848077297210693,
                    4.24006462097168
                ],
                [
                    0.0,
                    0.0,
                    0.0,
                    1.0
                ]
            ]
        },
        {
            "file_path": "./F/r_002",
            "rotation": 0.09519977738150888,
            "time": 0.5,
            "transform_matrix": [
                [
                    -0.8660253882408142,
                    0.49240389466285706,
                    -0.08682429045438766,
                    -0.3979687988758087
                ],
                [
                    -0.5000000596046448,
                    -0.8528684973716736,
                    0.1503838449716568,
                    0.6041355729103088
                ],
                [
                    -1.1278933698122273e-07,
                    0.17364837229251862,
                    0.9848077297210693,
                    4.24006462097168
                ],
                [
                    0.0,
                    0.0,
                    0.0,
                    1.0
                ]
            ]
        },
        {
            "file_path": "./F/r_003",
            "rotation": 0.09519977738150888,
            "time": 0.5,
            "transform_matrix": [
                [
                    -1.6292068494294654e-07,
                    0.9848077297210693,
                    -0.17364820837974548,
                    -0.7797535061836243
                ],
                [
                    -1.0,
                    -2.018210949472632e-07,
                    -2.0636146302877023e-07,
                    -0.05713489651679993
                ],
                [
                    -2.3827223571970535e-07,
                    0.17364820837974548,
                    0.9848077297210693,
                    4.24006462097168
                ],
                [
                    0.0,
                    0.0,
                    0.0,
                    1.0
                ]
            ]
        },
        {
            "file_path": "./F/r_004",
            "rotation": 0.09519977738150888,
            "time": 0.5,
            "transform_matrix": [
                [
                    0.8660253882408142,
                    0.4924039840698242,
                    -0.08682392537593842,
                    -0.3979687988758087
                ],
                [
                    -0.5000000596046448,
                    0.8528684973716736,
                    -0.15038363635540009,
                    -0.7184053659439087
                ],
                [
                    -1.1120137344278191e-07,
                    0.17364801466464996,
                    0.9848077893257141,
                    4.24006462097168
                ],
                [
                    0.0,
                    0.0,
                    0.0,
                    1.0
                ]
            ]
        },
        {
            "file_path": "./F/r_005",
            "rotation": 0.09519977738150888,
            "time": 0.5,
            "transform_matrix": [
                [
                    0.8660253882408142,
                    -0.4924039840698242,
                    0.08682392537593842,
                    0.3656005561351776
                ],
                [
                    0.5000000596046448,
                    0.8528684973716736,
                    -0.15038363635540009,
                    -0.7184053659439087
                ],
                [
                    1.1120137344278191e-07,
                    0.17364801466464996,
                    0.9848077893257141,
                    4.24006462097168
                ],
                [
                    0.0,
                    0.0,
                    0.0,
                    1.0
                ]
            ]
        },
        {
            "file_path": "./F/r_006",
            "rotation": 0.09519977738150888,
            "time": 0.5,
            "transform_matrix": [
                [
                    -4.371138828673793e-08,
                    -0.8660253882408142,
                    0.5,
                    2.1824262142181396
                ],
                [
                    1.0,
                    -7.856590400479035e-08,
                    -4.8657359030812586e-08,
                    -0.05713489651679993
                ],
                [
                    8.142146157297248e-08,
                    0.5,
                    0.8660253882408142,
                    3.717752456665039
                ],
                [
                    0.0,
                    0.0,
                    0.0,
                    1.0
                ]
            ]
        },
        {
            "file_path": "./F/r_007",
            "rotation": 0.09519977738150888,
            "time": 0.5,
            "transform_matrix": [
                [
                    -0.8660253882408142,
                    -0.4330127239227295,
                    0.2500000298023224,
                    1.0831210613250732
                ],
                [
                    0.5000000596046448,
                    -0.75,
                    0.4330126941204071,
                    1.8469175100326538
                ],
                [
                    2.2373203734105118e-08,
                    0.5,
                    0.8660253882408142,
                    3.717752456665039
                ],
                [
                    0.0,
                    0.0,
                    0.0,
                    1.0
                ]
            ]
        },
        {
            "file_path": "./F/r_008",
            "rotation": 0.09519977738150888,
            "time": 0.5,
            "transform_matrix": [
                [
                    -0.8660253882408142,
                    0.4330127239227295,
                    -0.2500000298023224,
                    -1.1154892444610596
                ],
                [
                    -0.5000000596046448,
                    -0.75,
                    0.4330126941204071,
                    1.8469175100326538
                ],
                [
                    -2.2373203734105118e-08,
                    0.5,
                    0.8660253882408142,
                    3.717752456665039
                ],
                [
                    0.0,
                    0.0,
                    0.0,
                    1.0
                ]
            ]
        },
        {
            "file_path": "./F/r_009",
            "rotation": 0.09519977738150888,
            "time": 0.5,
            "transform_matrix": [
                [
                    -4.371138828673793e-08,
                    0.8660253882408142,
                    -0.5,
                    -2.214794397354126
                ],
                [
                    -1.0,
                    -7.856590400479035e-08,
                    -4.8657359030812586e-08,
                    -0.05713489651679993
                ],
                [
                    -8.142146157297248e-08,
                    0.5,
                    0.8660253882408142,
                    3.717752456665039
                ],
                [
                    0.0,
                    0.0,
                    0.0,
                    1.0
                ]
            ]
        },
        {
            "file_path": "./F/r_010",
            "rotation": 0.09519977738150888,
            "time": 0.5,
            "transform_matrix": [
                [
                    0.8660253882408142,
                    0.4330127537250519,
                    -0.24999995529651642,
                    -1.1154892444610596
                ],
                [
                    -0.5,
                    0.75,
                    -0.4330126941204071,
                    -1.9611873626708984
                ],
                [
                    -3.662485070776711e-08,
                    0.4999999701976776,
                    0.866025447845459,
                    3.717752456665039
                ],
                [
                    0.0,
                    0.0,
                    0.0,
                    1.0
                ]
            ]
        },
        {
            "file_path": "./F/r_011",
            "rotation": 0.09519977738150888,
            "time": 0.5,
            "transform_matrix": [
                [
                    0.8660253882408142,
                    -0.4330127537250519,
                    0.24999995529651642,
                    1.0831210613250732
                ],
                [
                    0.5,
                    0.75,
                    -0.4330126941204071,
                    -1.9611873626708984
                ],
                [
                    3.662485070776711e-08,
                    0.4999999701976776,
                    0.866025447845459,
                    3.717752456665039
                ],
                [
                    0.0,
                    0.0,
                    0.0,
                    1.0
                ]
            ]
        },
        {
            "file_path": "./F/r_012",
            "rotation": 0.09519977738150888,
            "time": 0.5,
            "transform_matrix": [
                [
                    -4.371138828673793e-08,
                    -0.6427876353263855,
                    0.7660444378852844,
                    3.3522822856903076
                ],
                [
                    1.0,
                    -5.735851971166994e-08,
                    8.931655415267414e-09,
                    -0.05713489651679993
                ],
                [
                    3.819801719373572e-08,
                    0.7660444378852844,
                    0.6427876353263855,
                    2.73612642288208
                ],
                [
                    0.0,
                    0.0,
                    0.0,
                    1.0
                ]
            ]
        },
        {
            "file_path": "./F/r_013",
            "rotation": 0.09519977738150888,
            "time": 0.5,
            "transform_matrix": [
                [
                    -0.8660253882408142,
                    -0.32139381766319275,
                    0.383022278547287,
                    1.6680490970611572
                ],
                [
                    0.5000000596046448,
                    -0.5566703081130981,
                    0.663413941860199,
                    2.8600425720214844
                ],
                [
                    -1.480737665815468e-08,
                    0.7660444974899292,
                    0.6427875757217407,
                    2.73612642288208
                ],
                [
                    0.0,
                    0.0,
                    0.0,
                    1.0
                ]
            ]
        },
        {
            "file_path": "./F/r_014",
            "rotation": 0.09519977738150888,
            "time": 0.5,
            "transform_matrix": [
                [
                    -0.8660253882408142,
                    0.32139381766319275,
                    -0.383022278547287,
                    -1.700417399406433
                ],
                [
                    -0.5000000596046448,
                    -0.5566703677177429,
                    0.663413941860199,
                    2.8600425720214844
                ],
                [
                    8.834887266218061e-10,
                    0.7660444974899292,
                    0.6427875757217407,
                    2.73612642288208
                ],
                [
                    0.0,
                    0.0,
                    0.0,
                    1.0
                ]
            ]
        },
        {
            "file_path": "./F/r_015",
            "rotation": 0.09519977738150888,
            "time": 0.5,
            "transform_matrix": [
                [
                    -4.371138828673793e-08,
                    0.642787516117096,
                    -0.7660444974899292,
                    -3.384650707244873
                ],
                [
                    -1.0,
                    -1.1588127790673752e-07,
                    -4.017475419004768e-08,
                    -0.05713489651679993
                ],
                [
                    -1.1459405158120717e-07,
                    0.7660444974899292,
                    0.642787516117096,
                    2.73612642288208
                ],
                [
                    0.0,
                    0.0,
                    0.0,
                    1.0
                ]
            ]
        },
        {
            "file_path": "./F/r_016",
            "rotation": 0.09519977738150888,
            "time": 0.5,
            "transform_matrix": [
                [
                    0.8660253882408142,
                    0.32139384746551514,
                    -0.3830222189426422,
                    -1.700417399406433
                ],
                [
                    -0.5,
                    0.5566703677177429,
                    -0.663413941860199,
                    -2.9743125438690186
                ],
                [
                    -4.0839552184479544e-08,
                    0.7660444378852844,
                    0.6427876353263855,
                    2.73612642288208
                ],
                [
                    0.0,
                    0.0,
                    0.0,
                    1.0
                ]
            ]
        },
        {
            "file_path": "./F/r_017",
            "rotation": 0.09519977738150888,
            "time": 0.5,
            "transform_matrix": [
                [
                    0.866025447845459,
                    -0.32139381766319275,
                    0.38302209973335266,
                    1.6680490970611572
                ],
                [
                    0.49999991059303284,
                    0.5566704869270325,
                    -0.663413941860199,
                    -2.9743125438690186
                ],
                [
                    4.2540051481410046e-08,
                    0.7660443782806396,
                    0.6427876949310303,
                    2.73612642288208
                ],
                [
                    0.0,
                    0.0,
                    0.0,
                    1.0
                ]
            ]
        },
        {
            "file_path": "./F/r_018",
            "rotation": 0.09519977738150888,
            "time": 0.5,
            "transform_matrix": [
                [
                    7.549790126404332e-08,
                    -0.3420201539993286,
                    0.9396926164627075,
                    4.115851879119873
                ],
                [
                    1.0,
                    1.3614005922590877e-07,
                    -3.079225763258364e-08,
                    -0.05713489651679993
                ],
                [
                    -1.1739823690959383e-07,
                    0.9396926164627075,
                    0.3420201539993286,
                    1.4135856628417969
                ],
                [
                    0.0,
                    0.0,
                    0.0,
                    1.0
                ]
            ]
        },
        {
            "file_path": "./F/r_019",
            "rotation": 0.09519977738150888,
            "time": 0.5,
            "transform_matrix": [
                [
                    -0.8660255074501038,
                    -0.17100995779037476,
                    0.4698461890220642,
                    2.0498337745666504
                ],
                [
                    0.4999998211860657,
                    -0.29619795083999634,
                    0.8137978315353394,
                    3.521313190460205
                ],
                [
                    -5.845730655096304e-08,
                    0.9396926760673523,
                    0.3420199155807495,
                    1.4135856628417969
                ],
                [
                    0.0,
                    0.0,
                    0.0,
                    1.0
                ]
            ]
        },
        {
            "file_path": "./F/r_020",
            "rotation": 0.09519977738150888,
            "time": 0.5,
            "transform_matrix": [
                [
                    -0.8660255074501038,
                    0.17100995779037476,
                    -0.4698461890220642,
                    -2.0822019577026367
                ],
                [
                    -0.4999998211860657,
                    -0.29619795083999634,
                    0.8137978315353394,
                    3.521313190460205
                ],
                [
                    5.845730655096304e-08,
                    0.9396926760673523,
                    0.3420199155807495,
                    1.4135856628417969
                ],
                [
                    0.0,
                    0.0,
                    0.0,
                    1.0
                ]
            ]
        },
        {
            "file_path": "./F/r_021",
            "rotation": 0.09519977738150888,
            "time": 0.5,
            "transform_matrix": [
                [
                    -4.371138828673793e-08,
                    0.34202003479003906,
                    -0.9396926760673523,
                    -4.148220062255859
                ],
                [
                    -1.0,
                    -1.495017087904671e-08,
                    4.107527118435428e-08,
                    -0.05713489651679993
                ],
                [
                    0.0,
                    0.9396926760673523,
                    0.34202003479003906,
                    1.4135856628417969
                ],
                [
                    0.0,
                    0.0,
                    0.0,
                    1.0
                ]
            ]
        },
        {
            "file_path": "./F/r_022",
            "rotation": 0.09519977738150888,
            "time": 0.5,
            "transform_matrix": [
                [
                    0.8660253882408142,
                    0.1710100620985031,
                    -0.4698463976383209,
                    -2.0822019577026367
                ],
                [
                    -0.5000000596046448,
                    0.2961980104446411,
                    -0.8137977123260498,
                    -3.63558292388916
                ],
                [
                    -2.023028855546727e-08,
                    0.9396926760673523,
                    0.34202003479003906,
                    1.4135856628417969
                ],
                [
                    0.0,
                    0.0,
                    0.0,
                    1.0
                ]
            ]
        },
        {
            "file_path": "./F/r_023",
            "rotation": 0.09519977738150888,
            "time": 0.5,
            "transform_matrix": [
                [
                    0.8660253882408142,
                    -0.1710100620985031,
                    0.4698463976383209,
                    2.0498337745666504
                ],
                [
                    0.5000000596046448,
                    0.2961980104446411,
                    -0.8137977123260498,
                    -3.63558292388916
                ],
                [
                    2.023028855546727e-08,
                    0.9396926760673523,
                    0.34202003479003906,
                    1.4135856628417969
                ],
                [
                    0.0,
                    0.0,
                    0.0,
                    1.0
                ]
            ]
        },
        {
            "file_path": "./F/r_024",
            "rotation": 0.09519977738150888,
            "time": 0.5,
            "transform_matrix": [
                [
                    7.549790126404332e-08,
                    -0.17364810407161713,
                    0.9848077893257141,
                    4.31423282623291
                ],
                [
                    1.0,
                    -8.227750214473417e-08,
                    -9.117031396499442e-08,
                    -0.05713489651679993
                ],
                [
                    9.685907542689165e-08,
                    0.9848077893257141,
                    0.17364810407161713,
                    0.6732169389724731
                ],
                [
                    0.0,
                    0.0,
                    0.0,
                    1.0
                ]
            ]
        },
        {
            "file_path": "./F/r_025",
            "rotation": 0.09519977738150888,
            "time": 0.5,
            "transform_matrix": [
                [
                    -0.8660253882408142,
                    -0.08682414889335632,
                    0.49240389466285706,
                    2.149024486541748
                ],
                [
                    0.5000000596046448,
                    -0.15038374066352844,
                    0.8528684973716736,
                    3.6931161880493164
                ],
                [
                    -3.5657826913393365e-08,
                    0.9848077297210693,
                    0.17364822328090668,
                    0.6732169389724731
                ],
                [
                    0.0,
                    0.0,
                    0.0,
                    1.0
                ]
            ]
        },
        {
            "file_path": "./F/r_026",
            "rotation": 0.09519977738150888,
            "time": 0.5,
            "transform_matrix": [
                [
                    -0.8660253882408142,
                    0.08682414889335632,
                    -0.49240389466285706,
                    -2.1813926696777344
                ],
                [
                    -0.5000000596046448,
                    -0.15038374066352844,
                    0.8528684973716736,
                    3.6931161880493164
                ],
                [
                    3.5657826913393365e-08,
                    0.9848077297210693,
                    0.17364822328090668,
                    0.6732169389724731
                ],
                [
                    0.0,
                    0.0,
                    0.0,
                    1.0
                ]
            ]
        },
        {
            "file_path": "./F/r_027",
            "rotation": 0.09519977738150888,
            "time": 0.5,
            "transform_matrix": [
                [
                    7.549790126404332e-08,
                    0.17364810407161713,
                    -0.9848077893257141,
                    -4.3466010093688965
                ],
                [
                    -1.0,
                    -8.227750214473417e-08,
                    -9.117031396499442e-08,
                    -0.05713489651679993
                ],
                [
                    -9.685907542689165e-08,
                    0.9848077893257141,
                    0.17364810407161713,
                    0.6732169389724731
                ],
                [
                    0.0,
                    0.0,
                    0.0,
                    1.0
                ]
            ]
        },
        {
            "file_path": "./F/r_028",
            "rotation": 0.09519977738150888,
            "time": 0.5,
            "transform_matrix": [
                [
                    0.8660253882408142,
                    0.08682404458522797,
                    -0.49240395426750183,
                    -2.1813926696777344
                ],
                [
                    -0.5000000596046448,
                    0.15038366615772247,
                    -0.8528684973716736,
                    -3.8073861598968506
                ],
                [
                    2.1818541640072908e-08,
                    0.9848077893257141,
                    0.17364810407161713,
                    0.6732169389724731
                ],
                [
                    0.0,
                    0.0,
                    0.0,
                    1.0
                ]
            ]
        },
        {
            "file_path": "./F/r_029",
            "rotation": 0.09519977738150888,
            "time": 0.5,
            "transform_matrix": [
                [
                    0.8660253882408142,
                    -0.08682404458522797,
                    0.49240395426750183,
                    2.149024486541748
                ],
                [
                    0.5000000596046448,
                    0.15038366615772247,
                    -0.8528684973716736,
                    -3.8073861598968506
                ],
                [
                    -2.1818541640072908e-08,
                    0.9848077893257141,
                    0.17364810407161713,
                    0.6732169389724731
                ],
                [
                    0.0,
                    0.0,
                    0.0,
                    1.0
                ]
            ]
        },
        {
            "file_path": "./F/r_030",
            "rotation": 0.09519977738150888,
            "time": 0.5,
            "transform_matrix": [
                [
                    -4.371138828673793e-08,
                    4.371138828673793e-08,
                    1.0,
                    4.381036758422852
                ],
                [
                    1.0,
                    1.910685676922942e-15,
                    4.371138828673793e-08,
                    -0.05713489651679993
                ],
                [
                    0.0,
                    1.0,
                    -4.371138828673793e-08,
                    -0.09035244584083557
                ],
                [
                    0.0,
                    0.0,
                    0.0,
                    1.0
                ]
            ]
        },
        {
            "file_path": "./F/r_031",
            "rotation": 0.09519977738150888,
            "time": 0.5,
            "transform_matrix": [
                [
                    -0.8660253882408142,
                    -1.466648313908081e-08,
                    0.5000000596046448,
                    2.1824262142181396
                ],
                [
                    0.5000000596046448,
                    5.89412643137166e-08,
                    0.8660253882408142,
                    3.750969886779785
                ],
                [
                    -4.217218219082497e-08,
                    1.0,
                    -4.371138828673793e-08,
                    -0.09035244584083557
                ],
                [
                    0.0,
                    0.0,
                    0.0,
                    1.0
                ]
            ]
        },
        {
            "file_path": "./F/r_032",
            "rotation": 0.09519977738150888,
            "time": 0.5,
            "transform_matrix": [
                [
                    -0.8660253882408142,
                    1.466648313908081e-08,
                    -0.5000000596046448,
                    -2.214794397354126
                ],
                [
                    -0.5000000596046448,
                    5.89412643137166e-08,
                    0.8660253882408142,
                    3.750969886779785
                ],
                [
                    4.217218219082497e-08,
                    1.0,
                    -4.371138828673793e-08,
                    -0.09035244584083557
                ],
                [
                    0.0,
                    0.0,
                    0.0,
                    1.0
                ]
            ]
        },
        {
            "file_path": "./F/r_033",
            "rotation": 0.09519977738150888,
            "time": 0.5,
            "transform_matrix": [
                [
                    -4.371138828673793e-08,
                    -4.371138828673793e-08,
                    -1.0,
                    -4.413404941558838
                ],
                [
                    -1.0,
                    1.910685676922942e-15,
                    4.371138828673793e-08,
                    -0.05713489651679993
                ],
                [
                    0.0,
                    1.0,
                    -4.371138828673793e-08,
                    -0.09035244584083557
                ],
                [
                    0.0,
                    0.0,
                    0.0,
                    1.0
                ]
            ]
        },
        {
            "file_path": "./F/r_034",
            "rotation": 0.09519977738150888,
            "time": 0.5,
            "transform_matrix": [
                [
                    0.8660253882408142,
                    -2.1855697696082643e-08,
                    -0.5000000596046448,
                    -2.214794397354126
                ],
                [
                    -0.5000000596046448,
                    -3.785517321830412e-08,
                    -0.8660253882408142,
                    -3.8652396202087402
                ],
                [
                    0.0,
                    1.0,
                    -4.371138828673793e-08,
                    -0.09035244584083557
                ],
                [
                    0.0,
                    0.0,
                    0.0,
                    1.0
                ]
            ]
        },
        {
            "file_path": "./F/r_035",
            "rotation": 0.09519977738150888,
            "time": 0.5,
            "transform_matrix": [
                [
                    0.8660253882408142,
                    2.1855697696082643e-08,
                    0.5000000596046448,
                    2.1824262142181396
                ],
                [
                    0.5000000596046448,
                    -3.785517321830412e-08,
                    -0.8660253882408142,
                    -3.8652396202087402
                ],
                [
                    0.0,
                    1.0,
                    -4.371138828673793e-08,
                    -0.09035244584083557
                ],
                [
                    0.0,
                    0.0,
                    0.0,
                    1.0
                ]
            ]
        },
        {
            "file_path": "./F/r_036",
            "rotation": 0.09519977738150888,
            "time": 0.5,
            "transform_matrix": [
                [
                    -4.371138828673793e-08,
                    0.17364829778671265,
                    0.9848077297210693,
                    4.31423282623291
                ],
                [
                    1.0,
                    -7.756522535373733e-08,
                    5.806256098139784e-08,
                    -0.05713489651679993
                ],
                [
                    8.646929927635938e-08,
                    0.9848077297210693,
                    -0.17364829778671265,
                    -0.8539218306541443
                ],
                [
                    0.0,
                    0.0,
                    0.0,
                    1.0
                ]
            ]
        },
        {
            "file_path": "./F/r_037",
            "rotation": 0.09519977738150888,
            "time": 0.5,
            "transform_matrix": [
                [
                    -0.8660255074501038,
                    0.08682405203580856,
                    0.49240371584892273,
                    2.149024486541748
                ],
                [
                    0.4999998211860657,
                    0.15038377046585083,
                    0.8528686165809631,
                    3.6931161880493164
                ],
                [
                    -1.4722193242278081e-08,
                    0.9848077297210693,
                    -0.1736481934785843,
                    -0.8539218306541443
                ],
                [
                    0.0,
                    0.0,
                    0.0,
                    1.0
                ]
            ]
        },
        {
            "file_path": "./F/r_038",
            "rotation": 0.09519977738150888,
            "time": 0.5,
            "transform_matrix": [
                [
                    -0.8660255074501038,
                    -0.08682405203580856,
                    -0.49240371584892273,
                    -2.1813926696777344
                ],
                [
                    -0.4999998211860657,
                    0.15038377046585083,
                    0.8528686165809631,
                    3.6931161880493164
                ],
                [
                    1.4722193242278081e-08,
                    0.9848077297210693,
                    -0.1736481934785843,
                    -0.8539218306541443
                ],
                [
                    0.0,
                    0.0,
                    0.0,
                    1.0
                ]
            ]
        },
        {
            "file_path": "./F/r_039",
            "rotation": 0.09519977738150888,
            "time": 0.5,
            "transform_matrix": [
                [
                    -4.371138828673793e-08,
                    -0.17364829778671265,
                    -0.9848077297210693,
                    -4.3466010093688965
                ],
                [
                    -1.0,
                    -7.756522535373733e-08,
                    5.806256098139784e-08,
                    -0.05713489651679993
                ],
                [
                    -8.646929927635938e-08,
                    0.9848077297210693,
                    -0.17364829778671265,
                    -0.8539218306541443
                ],
                [
                    0.0,
                    0.0,
                    0.0,
                    1.0
                ]
            ]
        },
        {
            "file_path": "./F/r_040",
            "rotation": 0.09519977738150888,
            "time": 0.5,
            "transform_matrix": [
                [
                    0.866025447845459,
                    -0.08682403713464737,
                    -0.4924038350582123,
                    -2.1813926696777344
                ],
                [
                    -0.4999999701976776,
                    -0.15038377046585083,
                    -0.8528685569763184,
                    -3.8073861598968506
                ],
                [
                    -5.527800794880022e-08,
                    0.9848077297210693,
                    -0.1736481934785843,
                    -0.8539218306541443
                ],
                [
                    0.0,
                    0.0,
                    0.0,
                    1.0
                ]
            ]
        },
        {
            "file_path": "./F/r_041",
            "rotation": 0.09519977738150888,
            "time": 0.5,
            "transform_matrix": [
                [
                    0.866025447845459,
                    0.08682403713464737,
                    0.4924038350582123,
                    2.149024486541748
                ],
                [
                    0.4999999701976776,
                    -0.15038377046585083,
                    -0.8528685569763184,
                    -3.8073861598968506
                ],
                [
                    5.527800794880022e-08,
                    0.9848077297210693,
                    -0.1736481934785843,
                    -0.8539218306541443
                ],
                [
                    0.0,
                    0.0,
                    0.0,
                    1.0
                ]
            ]
        },
        {
            "file_path": "./F/r_042",
            "rotation": 0.09519977738150888,
            "time": 0.5,
            "transform_matrix": [
                [
                    -1.6292068494294654e-07,
                    0.3420202434062958,
                    0.9396926164627075,
                    4.115851879119873
                ],
                [
                    1.0,
                    1.6604040808942955e-07,
                    1.1294279289586484e-07,
                    -0.05713489651679993
                ],
                [
                    -1.1739821559331176e-07,
                    0.9396926164627075,
                    -0.3420202434062958,
                    -1.5942904949188232
                ],
                [
                    0.0,
                    0.0,
                    0.0,
                    1.0
                ]
            ]
        },
        {
            "file_path": "./F/r_043",
            "rotation": 0.09519977738150888,
            "time": 0.5,
            "transform_matrix": [
                [
                    -0.8660255074501038,
                    0.17100989818572998,
                    0.4698461890220642,
                    2.0498337745666504
                ],
                [
                    0.4999998211860657,
                    0.2961980700492859,
                    0.8137978315353394,
                    3.521313190460205
                ],
                [
                    -5.5257622477711266e-08,
                    0.9396926760673523,
                    -0.3420200049877167,
                    -1.5942904949188232
                ],
                [
                    0.0,
                    0.0,
                    0.0,
                    1.0
                ]
            ]
        },
        {
            "file_path": "./F/r_044",
            "rotation": 0.09519977738150888,
            "time": 0.5,
            "transform_matrix": [
                [
                    -0.8660255074501038,
                    -0.17100989818572998,
                    -0.4698461890220642,
                    -2.0822019577026367
                ],
