{
    "camera_angle_x": 0.691111147403717,
    "frames": [
        {
            "file_path": "./J/r_000",
            "rotation": 0.09519977738150888,
            "time": 1.0,
            "transform_matrix": [
                [
                    -4.371138828673793e-08,
                    -0.9848077297210693,
                    0.17364820837974548,
                    0.7087945938110352
                ],
                [
                    1.0,
                    -2.5731488051405904e-08,
                    1.0579332609950143e-07,
                    -0.03890395164489746
                ],
                [
                    -9.971785885909412e-08,
                    0.17364820837974548,
                    0.9848077297210693,
                    3.90153431892395
                ],
                [
                    0.0,
                    0.0,
                    0.0,
                    1.0
                ]
            ]
        },
        {
            "file_path": "./J/r_001",
            "rotation": 0.09519977738150888,
            "time": 1.0,
            "transform_matrix": [
                [
                    -0.8660253882408142,
                    -0.49240392446517944,
                    0.08682398498058319,
                    0.35068437457084656
                ],
                [
                    0.5000000596046448,
                    -0.8528684973716736,
                    0.15038368105888367,
                    0.5813611149787903
                ],
                [
                    -7.47703694514712e-08,
                    0.17364808917045593,
                    0.9848077893257141,
                    3.90153431892395
                ],
                [
                    0.0,
                    0.0,
                    0.0,
                    1.0
                ]
            ]
        },
        {
            "file_path": "./J/r_002",
            "rotation": 0.09519977738150888,
            "time": 1.0,
            "transform_matrix": [
                [
                    -0.8660253882408142,
                    0.49240392446517944,
                    -0.08682398498058319,
                    -0.36553603410720825
                ],
                [
                    -0.5000000596046448,
                    -0.8528684973716736,
                    0.15038368105888367,
                    0.5813611149787903
                ],
                [
                    7.47703694514712e-08,
                    0.17364808917045593,
                    0.9848077893257141,
                    3.90153431892395
                ],
                [
                    0.0,
                    0.0,
                    0.0,
                    1.0
                ]
            ]
        },
        {
            "file_path": "./J/r_003",
            "rotation": 0.09519977738150888,
            "time": 1.0,
            "transform_matrix": [
                [
                    -4.371138828673793e-08,
                    0.9848077297210693,
                    -0.17364820837974548,
                    -0.7236462831497192
                ],
                [
                    -1.0,
                    -2.5731488051405904e-08,
                    1.0579332609950143e-07,
                    -0.03890395164489746
                ],
                [
                    9.971785885909412e-08,
                    0.17364820837974548,
                    0.9848077297210693,
                    3.90153431892395
                ],
                [
                    0.0,
                    0.0,
                    0.0,
                    1.0
                ]
            ]
        },
        {
            "file_path": "./J/r_004",
            "rotation": 0.09519977738150888,
            "time": 1.0,
            "transform_matrix": [
                [
                    0.8660253882408142,
                    0.49240386486053467,
                    -0.0868242010474205,
                    -0.36553603410720825
                ],
                [
                    -0.5,
                    0.8528684973716736,
                    -0.1503838151693344,
                    -0.6591690182685852
                ],
                [
                    5.495103039265814e-08,
                    0.17364829778671265,
                    0.9848077297210693,
                    3.90153431892395
                ],
                [
                    0.0,
                    0.0,
                    0.0,
                    1.0
                ]
            ]
        },
        {
            "file_path": "./J/r_005",
            "rotation": 0.09519977738150888,
            "time": 1.0,
            "transform_matrix": [
                [
                    0.8660253882408142,
                    -0.49240386486053467,
                    0.0868242010474205,
                    0.35068437457084656
                ],
                [
                    0.5,
                    0.8528684973716736,
                    -0.1503838151693344,
                    -0.6591690182685852
                ],
                [
                    -5.495103039265814e-08,
                    0.17364829778671265,
                    0.9848077297210693,
                    3.90153431892395
                ],
                [
                    0.0,
                    0.0,
                    0.0,
                    1.0
                ]
            ]
        },
        {
            "file_path": "./J/r_006",
            "rotation": 0.09519977738150888,
            "time": 1.0,
            "transform_matrix": [
                [
                    -4.371138828673793e-08,
                    -0.8660253882408142,
                    0.5,
                    2.0548486709594727
                ],
                [
                    1.0,
                    -7.856590400479035e-08,
                    -4.8657359030812586e-08,
                    -0.03890395164489746
                ],
                [
                    8.142146157297248e-08,
                    0.5,
                    0.8660253882408142,
                    3.4116108417510986
                ],
                [
                    0.0,
                    0.0,
                    0.0,
                    1.0
                ]
            ]
        },
        {
            "file_path": "./J/r_007",
            "rotation": 0.09519977738150888,
            "time": 1.0,
            "transform_matrix": [
                [
                    -0.8660253882408142,
                    -0.4330127239227295,
                    0.2500000298023224,
                    1.0237114429473877
                ],
                [
                    0.5000000596046448,
                    -0.7499999403953552,
                    0.4330127537250519,
                    1.7470781803131104
                ],
                [
                    -2.724955550093e-08,
                    0.5000000596046448,
                    0.8660253882408142,
                    3.4116108417510986
                ],
                [
                    0.0,
                    0.0,
                    0.0,
                    1.0
                ]
            ]
        },
        {
            "file_path": "./J/r_008",
            "rotation": 0.09519977738150888,
            "time": 1.0,
            "transform_matrix": [
                [
                    -0.8660253882408142,
                    0.4330127239227295,
                    -0.2500000596046448,
                    -1.0385631322860718
                ],
                [
                    -0.5000000596046448,
                    -0.7499999403953552,
                    0.4330127537250519,
                    1.7470781803131104
                ],
                [
                    -1.5457548130370924e-08,
                    0.5000000596046448,
                    0.8660253882408142,
                    3.4116108417510986
                ],
                [
                    0.0,
                    0.0,
                    0.0,
                    1.0
                ]
            ]
        },
        {
            "file_path": "./J/r_009",
            "rotation": 0.09519977738150888,
            "time": 1.0,
            "transform_matrix": [
                [
                    -4.371138828673793e-08,
                    0.8660253882408142,
                    -0.5,
                    -2.0697004795074463
                ],
                [
                    -1.0,
                    -1.3018504319006752e-07,
                    -1.3806432264118484e-07,
                    -0.03890395164489746
                ],
                [
                    -1.8465972573267209e-07,
                    0.5,
                    0.8660253882408142,
                    3.4116108417510986
                ],
                [
                    0.0,
                    0.0,
                    0.0,
                    1.0
                ]
            ]
        },
        {
            "file_path": "./J/r_010",
            "rotation": 0.09519977738150888,
            "time": 1.0,
            "transform_matrix": [
                [
                    0.8660253286361694,
                    0.43301281332969666,
                    -0.2500000596046448,
                    -1.0385631322860718
                ],
                [
                    -0.5000001192092896,
                    0.7499998807907104,
                    -0.4330127537250519,
                    -1.8248860836029053
                ],
                [
                    -5.997478069730278e-08,
                    0.5000000596046448,
                    0.8660253882408142,
                    3.4116108417510986
                ],
                [
                    0.0,
                    0.0,
                    0.0,
                    1.0
                ]
            ]
        },
        {
            "file_path": "./J/r_011",
            "rotation": 0.09519977738150888,
            "time": 1.0,
            "transform_matrix": [
                [
                    0.8660253882408142,
                    -0.4330127537250519,
                    0.24999995529651642,
                    1.0237114429473877
                ],
                [
                    0.5,
                    0.75,
                    -0.4330126941204071,
                    -1.8248860836029053
                ],
                [
                    3.662485070776711e-08,
                    0.4999999701976776,
                    0.866025447845459,
                    3.4116108417510986
                ],
                [
                    0.0,
                    0.0,
                    0.0,
                    1.0
                ]
            ]
        },
        {
            "file_path": "./J/r_012",
            "rotation": 0.09519977738150888,
            "time": 1.0,
            "transform_matrix": [
                [
                    -2.821299744937278e-07,
                    -0.642787516117096,
                    0.7660444974899292,
                    3.1521620750427246
                ],
                [
                    1.0,
                    -1.501164774708741e-07,
                    2.423318221644877e-07,
                    -0.03890395164489746
                ],
                [
                    -4.077197601759508e-08,
                    0.7660444974899292,
                    0.642787516117096,
                    2.4908554553985596
                ],
                [
                    0.0,
                    0.0,
                    0.0,
                    1.0
                ]
            ]
        },
        {
            "file_path": "./J/r_013",
            "rotation": 0.09519977738150888,
            "time": 1.0,
            "transform_matrix": [
                [
                    -0.8660253882408142,
                    -0.3213939070701599,
                    0.3830221891403198,
                    1.5723681449890137
                ],
                [
                    0.5000000596046448,
                    -0.5566704273223877,
                    0.6634138822555542,
                    2.6973793506622314
                ],
                [
                    -5.2947839890293835e-08,
                    0.7660443782806396,
                    0.6427876949310303,
                    2.4908554553985596
                ],
                [
                    0.0,
                    0.0,
                    0.0,
                    1.0
                ]
            ]
        },
        {
            "file_path": "./J/r_014",
            "rotation": 0.09519977738150888,
            "time": 1.0,
            "transform_matrix": [
                [
                    -0.8660253882408142,
                    0.3213938772678375,
                    -0.3830222189426422,
                    -1.5872198343276978
                ],
                [
                    -0.5000000596046448,
                    -0.5566704869270325,
                    0.6634138822555542,
                    2.6973793506622314
                ],
                [
                    7.683773617372935e-10,
                    0.7660443782806396,
                    0.6427876949310303,
                    2.4908554553985596
                ],
                [
                    0.0,
                    0.0,
                    0.0,
                    1.0
                ]
            ]
        },
        {
            "file_path": "./J/r_015",
            "rotation": 0.09519977738150888,
            "time": 1.0,
            "transform_matrix": [
                [
                    -2.821299744937278e-07,
                    0.642787516117096,
                    -0.7660444974899292,
                    -3.167013645172119
                ],
                [
                    -1.0,
                    -1.501164774708741e-07,
                    2.423318221644877e-07,
                    -0.03890395164489746
                ],
                [
                    4.077197601759508e-08,
                    0.7660444974899292,
                    0.642787516117096,
                    2.4908554553985596
                ],
                [
                    0.0,
                    0.0,
                    0.0,
                    1.0
                ]
            ]
        },
        {
            "file_path": "./J/r_016",
            "rotation": 0.09519977738150888,
            "time": 1.0,
            "transform_matrix": [
                [
                    0.8660253882408142,
                    0.32139378786087036,
                    -0.3830223083496094,
                    -1.5872198343276978
                ],
                [
                    -0.5000000596046448,
                    0.5566703081130981,
                    -0.6634140014648438,
                    -2.7751872539520264
                ],
                [
                    2.2517166797797472e-08,
                    0.7660444974899292,
                    0.642787516117096,
                    2.4908554553985596
                ],
                [
                    0.0,
                    0.0,
                    0.0,
                    1.0
                ]
            ]
        },
        {
            "file_path": "./J/r_017",
            "rotation": 0.09519977738150888,
            "time": 1.0,
            "transform_matrix": [
                [
                    0.8660253882408142,
                    -0.32139378786087036,
                    0.3830223083496094,
                    1.5723681449890137
                ],
                [
                    0.5000000596046448,
                    0.5566703081130981,
                    -0.6634140014648438,
                    -2.7751872539520264
                ],
                [
                    -2.2517166797797472e-08,
                    0.7660444974899292,
                    0.642787516117096,
                    2.4908554553985596
                ],
                [
                    0.0,
                    0.0,
                    0.0,
                    1.0
                ]
            ]
        },
        {
            "file_path": "./J/r_018",
            "rotation": 0.09519977738150888,
            "time": 1.0,
            "transform_matrix": [
                [
                    -4.371138828673793e-08,
                    -0.34202003479003906,
                    0.9396926760673523,
                    3.868382453918457
                ],
                [
                    1.0,
                    -1.495017087904671e-08,
                    4.107527118435428e-08,
                    -0.03890395164489746
                ],
                [
                    0.0,
                    0.9396926760673523,
                    0.34202003479003906,
                    1.250325322151184
                ],
                [
                    0.0,
                    0.0,
                    0.0,
                    1.0
                ]
            ]
        },
        {
            "file_path": "./J/r_019",
            "rotation": 0.09519977738150888,
            "time": 1.0,
            "transform_matrix": [
                [
                    -0.8660253882408142,
                    -0.17101004719734192,
                    0.46984636783599854,
                    1.9304783344268799
                ],
                [
                    0.5000000596046448,
                    -0.2961980104446411,
                    0.8137977123260498,
                    3.3176445960998535
                ],
                [
                    -2.023028855546727e-08,
                    0.9396926760673523,
                    0.34202003479003906,
                    1.250325322151184
                ],
                [
                    0.0,
                    0.0,
                    0.0,
                    1.0
                ]
            ]
        },
        {
            "file_path": "./J/r_020",
            "rotation": 0.09519977738150888,
            "time": 1.0,
            "transform_matrix": [
                [
                    -0.8660253882408142,
                    0.1710100620985031,
                    -0.46984636783599854,
                    -1.945330023765564
                ],
                [
                    -0.5000000596046448,
                    -0.2961980104446411,
                    0.8137977123260498,
                    3.3176445960998535
                ],
                [
                    4.381108098527875e-08,
                    0.9396926760673523,
                    0.34202003479003906,
                    1.250325322151184
                ],
                [
                    0.0,
                    0.0,
                    0.0,
                    1.0
                ]
            ]
        },
        {
            "file_path": "./J/r_021",
            "rotation": 0.09519977738150888,
            "time": 1.0,
            "transform_matrix": [
                [
                    7.549790126404332e-08,
                    0.3420201539993286,
                    -0.9396926164627075,
                    -3.8832342624664307
                ],
                [
                    -1.0,
                    -8.449645605423939e-08,
                    -1.1109737840797607e-07,
                    -0.03890395164489746
                ],
                [
                    -1.1739823690959383e-07,
                    0.9396926164627075,
                    0.3420201539993286,
                    1.250325322151184
                ],
                [
                    0.0,
                    0.0,
                    0.0,
                    1.0
                ]
            ]
        },
        {
            "file_path": "./J/r_022",
            "rotation": 0.09519977738150888,
            "time": 1.0,
            "transform_matrix": [
                [
                    0.8660253882408142,
                    0.1710100769996643,
                    -0.46984636783599854,
                    -1.945330023765564
                ],
                [
                    -0.5000000596046448,
                    0.2961980104446411,
                    -0.8137977123260498,
                    -3.3954524993896484
                ],
                [
                    -4.381108098527875e-08,
                    0.9396926760673523,
                    0.34202003479003906,
                    1.250325322151184
                ],
                [
                    0.0,
                    0.0,
                    0.0,
                    1.0
                ]
            ]
        },
        {
            "file_path": "./J/r_023",
            "rotation": 0.09519977738150888,
            "time": 1.0,
            "transform_matrix": [
                [
                    0.866025447845459,
                    -0.1710101068019867,
                    0.4698461890220642,
                    1.9304783344268799
                ],
                [
                    0.49999991059303284,
                    0.2961982488632202,
                    -0.8137977123260498,
                    -3.3954524993896484
                ],
                [
                    9.095156627836332e-09,
                    0.9396925568580627,
                    0.34202027320861816,
                    1.250325322151184
                ],
                [
                    0.0,
                    0.0,
                    0.0,
                    1.0
                ]
            ]
        },
        {
            "file_path": "./J/r_024",
            "rotation": 0.09519977738150888,
            "time": 1.0,
            "transform_matrix": [
                [
                    -1.6292068494294654e-07,
                    -0.17364798486232758,
                    0.9848077893257141,
                    4.05446195602417
                ],
                [
                    1.0,
                    -6.008669828361235e-08,
                    1.548390997641036e-07,
                    -0.03890395164489746
                ],
                [
                    3.228635492291687e-08,
                    0.9848077893257141,
                    0.17364798486232758,
                    0.5558668971061707
                ],
                [
                    0.0,
                    0.0,
                    0.0,
                    1.0
                ]
            ]
        },
        {
            "file_path": "./J/r_025",
            "rotation": 0.09519977738150888,
            "time": 1.0,
            "transform_matrix": [
                [
                    -0.8660253882408142,
                    -0.08682415634393692,
                    0.49240389466285706,
                    2.0235180854797363
                ],
                [
                    0.5000000596046448,
                    -0.1503836065530777,
                    0.8528685569763184,
                    3.4787940979003906
                ],
                [
                    -1.1835270896654038e-07,
                    0.9848077893257141,
                    0.17364810407161713,
                    0.5558668971061707
                ],
                [
                    0.0,
                    0.0,
                    0.0,
                    1.0
                ]
            ]
        },
        {
            "file_path": "./J/r_026",
            "rotation": 0.09519977738150888,
            "time": 1.0,
            "transform_matrix": [
                [
                    -0.8660253882408142,
                    0.08682417124509811,
                    -0.49240389466285706,
                    -2.03836989402771
                ],
                [
                    -0.5000000596046448,
                    -0.15038372576236725,
                    0.8528684973716736,
                    3.4787940979003906
                ],
                [
                    6.778876127100375e-08,
                    0.9848077297210693,
                    0.17364822328090668,
                    0.5558668971061707
                ],
                [
                    0.0,
                    0.0,
                    0.0,
                    1.0
                ]
            ]
        },
        {
            "file_path": "./J/r_027",
            "rotation": 0.09519977738150888,
            "time": 1.0,
            "transform_matrix": [
                [
                    -1.6292068494294654e-07,
                    0.17364798486232758,
                    -0.9848077893257141,
                    -4.0693135261535645
                ],
                [
                    -1.0,
                    -6.008669828361235e-08,
                    1.548390997641036e-07,
                    -0.03890395164489746
                ],
                [
                    -3.228635492291687e-08,
                    0.9848077893257141,
                    0.17364798486232758,
                    0.5558668971061707
                ],
                [
                    0.0,
                    0.0,
                    0.0,
                    1.0
                ]
            ]
        },
        {
            "file_path": "./J/r_028",
            "rotation": 0.09519977738150888,
            "time": 1.0,
            "transform_matrix": [
                [
                    0.8660253286361694,
                    0.08682403713464737,
                    -0.4924040138721466,
                    -2.03836989402771
                ],
                [
                    -0.5000001192092896,
                    0.15038339793682098,
                    -0.8528684973716736,
                    -3.5566020011901855
                ],
                [
                    -9.566434044927519e-08,
                    0.9848077893257141,
                    0.17364786565303802,
                    0.5558668971061707
                ],
                [
                    0.0,
                    0.0,
                    0.0,
                    1.0
                ]
            ]
        },
        {
            "file_path": "./J/r_029",
            "rotation": 0.09519977738150888,
            "time": 1.0,
            "transform_matrix": [
                [
                    0.8660253882408142,
                    -0.08682406693696976,
                    0.49240389466285706,
                    2.0235180854797363
                ],
                [
                    0.5,
                    0.15038365125656128,
                    -0.8528685569763184,
                    -3.5566020011901855
                ],
                [
                    2.006578725399777e-08,
                    0.9848077893257141,
                    0.17364810407161713,
                    0.5558668971061707
                ],
                [
                    0.0,
                    0.0,
                    0.0,
                    1.0
                ]
            ]
        },
        {
            "file_path": "./J/r_030",
            "rotation": 0.09519977738150888,
            "time": 1.0,
            "transform_matrix": [
                [
                    -4.371138828673793e-08,
                    4.371138828673793e-08,
                    1.0,
                    4.117123126983643
                ],
                [
                    1.0,
                    1.910685676922942e-15,
                    4.371138828673793e-08,
                    -0.03890395164489746
                ],
                [
                    0.0,
                    1.0,
                    -4.371138828673793e-08,
                    -0.16035354137420654
                ],
                [
                    0.0,
                    0.0,
                    0.0,
                    1.0
                ]
            ]
        },
        {
            "file_path": "./J/r_031",
            "rotation": 0.09519977738150888,
            "time": 1.0,
            "transform_matrix": [
                [
                    -0.8660255074501038,
                    -1.3400840437327588e-08,
                    0.4999998211860657,
                    2.0548486709594727
                ],
                [
                    0.4999998211860657,
                    5.821053505883356e-08,
                    0.8660255074501038,
                    3.533060312271118
                ],
                [
                    -4.071072723377256e-08,
                    1.0,
                    -4.371138828673793e-08,
                    -0.16035354137420654
                ],
                [
                    0.0,
                    0.0,
                    0.0,
                    1.0
                ]
            ]
        },
        {
            "file_path": "./J/r_032",
            "rotation": 0.09519977738150888,
            "time": 1.0,
            "transform_matrix": [
                [
                    -0.8660253882408142,
                    1.3400826226472873e-08,
                    -0.5000000596046448,
                    -2.0697004795074463
                ],
                [
                    -0.5000000596046448,
                    5.8210538611547236e-08,
                    0.8660253882408142,
                    3.533060312271118
                ],
                [
                    4.071072723377256e-08,
                    1.0,
                    -4.371138828673793e-08,
                    -0.16035354137420654
                ],
                [
                    0.0,
                    0.0,
                    0.0,
                    1.0
                ]
            ]
        },
        {
            "file_path": "./J/r_033",
            "rotation": 0.09519977738150888,
            "time": 1.0,
            "transform_matrix": [
                [
                    -4.371138828673793e-08,
                    -4.371138828673793e-08,
                    -1.0,
                    -4.131974697113037
                ],
                [
                    -1.0,
                    1.910685676922942e-15,
                    4.371138828673793e-08,
                    -0.03890395164489746
                ],
                [
                    0.0,
                    1.0,
                    -4.371138828673793e-08,
                    -0.16035354137420654
                ],
                [
                    0.0,
                    0.0,
                    0.0,
                    1.0
                ]
            ]
        },
        {
            "file_path": "./J/r_034",
            "rotation": 0.09519977738150888,
            "time": 1.0,
            "transform_matrix": [
                [
                    0.8660253882408142,
                    -2.0590043448009965e-08,
                    -0.5000000596046448,
                    -2.0697004795074463
                ],
                [
                    -0.5000000596046448,
                    -3.858589892047348e-08,
                    -0.8660253882408142,
                    -3.610868215560913
                ],
                [
                    -1.4614514043387317e-09,
                    1.0,
                    -4.371138828673793e-08,
                    -0.16035354137420654
                ],
                [
                    0.0,
                    0.0,
                    0.0,
                    1.0
                ]
            ]
        },
        {
            "file_path": "./J/r_035",
            "rotation": 0.09519977738150888,
            "time": 1.0,
            "transform_matrix": [
                [
                    0.866025447845459,
                    2.961778378107738e-09,
                    0.4999999701976776,
                    2.0548486709594727
                ],
                [
                    0.4999999701976776,
                    -4.876358161709504e-08,
                    -0.866025447845459,
                    -3.610868215560913
                ],
                [
                    2.1816813244868172e-08,
                    1.0,
                    -4.371138828673793e-08,
                    -0.16035354137420654
                ],
                [
                    0.0,
                    0.0,
                    0.0,
                    1.0
                ]
            ]
        },
        {
            "file_path": "./J/r_036",
            "rotation": 0.09519977738150888,
            "time": 1.0,
            "transform_matrix": [
                [
                    -1.6292068494294654e-07,
                    0.17364829778671265,
                    0.9848077297210693,
                    4.05446195602417
                ],
                [
                    1.0,
                    6.008675512703121e-08,
                    1.5483907134239416e-07,
                    -0.03890395164489746
                ],
                [
                    -3.228635492291687e-08,
                    0.9848077297210693,
                    -0.17364829778671265,
                    -0.8765739798545837
                ],
                [
                    0.0,
                    0.0,
                    0.0,
                    1.0
                ]
            ]
        },
        {
            "file_path": "./J/r_037",
            "rotation": 0.09519977738150888,
            "time": 1.0,
            "transform_matrix": [
                [
                    -0.8660253882408142,
                    0.08682399243116379,
                    0.49240392446517944,
                    2.0235180854797363
                ],
                [
                    0.5000000596046448,
                    0.15038366615772247,
                    0.8528684973716736,
                    3.4787940979003906
                ],
                [
                    -6.104583860633284e-08,
                    0.9848077893257141,
                    -0.17364807426929474,
                    -0.8765739798545837
                ],
                [
                    0.0,
                    0.0,
                    0.0,
                    1.0
                ]
            ]
        },
        {
            "file_path": "./J/r_038",
            "rotation": 0.09519977738150888,
            "time": 1.0,
            "transform_matrix": [
                [
                    -0.8660253882408142,
                    -0.08682400733232498,
                    -0.49240392446517944,
                    -2.03836989402771
                ],
                [
                    -0.5000000596046448,
                    0.15038365125656128,
                    0.8528684973716736,
                    3.4787940979003906
                ],
                [
                    3.899384637406911e-08,
                    0.9848077893257141,
                    -0.17364807426929474,
                    -0.8765739798545837
                ],
                [
                    0.0,
                    0.0,
                    0.0,
                    1.0
                ]
            ]
        },
        {
            "file_path": "./J/r_039",
            "rotation": 0.09519977738150888,
            "time": 1.0,
            "transform_matrix": [
                [
                    -1.6292068494294654e-07,
                    -0.17364829778671265,
                    -0.9848077297210693,
                    -4.0693135261535645
                ],
                [
                    -1.0,
                    6.008675512703121e-08,
                    1.5483907134239416e-07,
                    -0.03890395164489746
                ],
                [
                    3.228635492291687e-08,
                    0.9848077297210693,
                    -0.17364829778671265,
                    -0.8765739798545837
                ],
                [
                    0.0,
                    0.0,
                    0.0,
                    1.0
                ]
            ]
        },
        {
            "file_path": "./J/r_040",
            "rotation": 0.09519977738150888,
            "time": 1.0,
            "transform_matrix": [
                [
                    0.8660253286361694,
                    -0.08682415634393692,
                    -0.4924039840698242,
                    -2.03836989402771
                ],
                [
                    -0.5000001192092896,
                    -0.15038397908210754,
                    -0.8528684377670288,
                    -3.5566020011901855
                ],
                [
                    -8.575486987183467e-08,
                    0.9848077297210693,
                    -0.1736484169960022,
                    -0.8765739798545837
                ],
                [
                    0.0,
                    0.0,
                    0.0,
                    1.0
                ]
            ]
        },
        {
            "file_path": "./J/r_041",
            "rotation": 0.09519977738150888,
            "time": 1.0,
            "transform_matrix": [
                [
                    0.866025447845459,
                    0.08682403713464737,
                    0.4924038350582123,
                    2.0235180854797363
                ],
                [
                    0.4999999701976776,
                    -0.15038377046585083,
                    -0.8528685569763184,
                    -3.5566020011901855
                ],
                [
                    6.04094410050493e-08,
                    0.9848077297210693,
                    -0.1736481934785843,
                    -0.8765739798545837
                ],
                [
                    0.0,
                    0.0,
                    0.0,
                    1.0
                ]
            ]
        },
        {
            "file_path": "./J/r_042",
            "rotation": 0.09519977738150888,
            "time": 1.0,
            "transform_matrix": [
                [
                    -4.371138828673793e-08,
                    0.3420202434062958,
                    0.9396926164627075,
                    3.868382453918457
                ],
                [
                    1.0,
                    1.4950179760830906e-08,
                    4.10752676316406e-08,
                    -0.03890395164489746
                ],
                [
                    0.0,
                    0.9396926164627075,
                    -0.3420202434062958,
                    -1.5710324048995972
                ],
                [
                    0.0,
                    0.0,
                    0.0,
                    1.0
                ]
            ]
        },
        {
            "file_path": "./J/r_043",
            "rotation": 0.09519977738150888,
            "time": 1.0,
            "transform_matrix": [
                [
                    -0.8660253882408142,
                    0.17101000249385834,
                    0.46984636783599854,
                    1.9304783344268799
                ],
                [
                    0.5000000596046448,
                    0.2961982786655426,
                    0.8137975931167603,
                    3.3176445960998535
                ],
                [
                    -1.524592789792223e-07,
                    0.9396926164627075,
                    -0.3420202434062958,
                    -1.5710324048995972
                ],
                [
                    0.0,
                    0.0,
                    0.0,
                    1.0
                ]
            ]
        },
        {
            "file_path": "./J/r_044",
            "rotation": 0.09519977738150888,
            "time": 1.0,
            "transform_matrix": [
                [
                    -0.8660253882408142,
                    -0.1710101068019867,
