{
    "camera_angle_x": 0.6911112070083618,
    "frames": [
        {
            "file_path": "./C/r_000",
            "rotation": 0.09519977738150888,
            "time": 0.5,
            "transform_matrix": [
                [
                    -4.371138828673793e-08,
                    -0.9848077297210693,
                    0.1736481934785843,
                    0.754467785358429
                ],
                [
                    1.0,
                    -2.3908771851210986e-08,
                    1.161304794550233e-07,
                    0.016349345445632935
                ],
                [
                    -1.1021447932080264e-07,
                    0.1736481934785843,
                    0.9848077297210693,
                    3.993342638015747
                ],
                [
                    0.0,
                    0.0,
                    0.0,
                    1.0
                ]
            ]
        },
        {
            "file_path": "./C/r_001",
            "rotation": 0.09519977738150888,
            "time": 0.5,
            "transform_matrix": [
                [
                    -0.8660253882408142,
                    -0.49240392446517944,
                    0.08682399988174438,
                    0.3952430188655853
                ],
                [
                    0.5000000596046448,
                    -0.8528684973716736,
                    0.15038371086120605,
                    0.6385449171066284
                ],
                [
                    -7.528510082011053e-08,
                    0.17364811897277832,
                    0.9848077893257141,
                    3.993342638015747
                ],
                [
                    0.0,
                    0.0,
                    0.0,
                    1.0
                ]
            ]
        },
        {
            "file_path": "./C/r_002",
            "rotation": 0.09519977738150888,
            "time": 0.5,
            "transform_matrix": [
                [
                    -0.8660253882408142,
                    0.49240392446517944,
                    -0.08682399988174438,
                    -0.32320651412010193
                ],
                [
                    -0.5000000596046448,
                    -0.8528684973716736,
                    0.15038371086120605,
                    0.6385449171066284
                ],
                [
                    7.528510082011053e-08,
                    0.17364811897277832,
                    0.9848077893257141,
                    3.993342638015747
                ],
                [
                    0.0,
                    0.0,
                    0.0,
                    1.0
                ]
            ]
        },
        {
            "file_path": "./C/r_003",
            "rotation": 0.09519977738150888,
            "time": 0.5,
            "transform_matrix": [
                [
                    -4.371138828673793e-08,
                    0.9848077297210693,
                    -0.1736481934785843,
                    -0.6824312806129456
                ],
                [
                    -1.0,
                    -2.3908771851210986e-08,
                    1.161304794550233e-07,
                    0.016349345445632935
                ],
                [
                    1.1021447932080264e-07,
                    0.1736481934785843,
                    0.9848077297210693,
                    3.993342638015747
                ],
                [
                    0.0,
                    0.0,
                    0.0,
                    1.0
                ]
            ]
        },
        {
            "file_path": "./C/r_004",
            "rotation": 0.09519977738150888,
            "time": 0.5,
            "transform_matrix": [
                [
                    0.8660253882408142,
                    0.49240392446517944,
                    -0.08682422339916229,
                    -0.32320651412010193
                ],
                [
                    -0.5000000596046448,
                    0.8528684973716736,
                    -0.1503838449716568,
                    -0.6058462262153625
                ],
                [
                    4.931782981998367e-08,
                    0.17364832758903503,
                    0.9848077297210693,
                    3.993342638015747
                ],
                [
                    0.0,
                    0.0,
                    0.0,
                    1.0
                ]
            ]
        },
        {
            "file_path": "./C/r_005",
            "rotation": 0.09519977738150888,
            "time": 0.5,
            "transform_matrix": [
                [
                    0.8660253882408142,
                    -0.49240392446517944,
                    0.08682422339916229,
                    0.3952430188655853
                ],
                [
                    0.5000000596046448,
                    0.8528684973716736,
                    -0.1503838449716568,
                    -0.6058462262153625
                ],
                [
                    -4.931782981998367e-08,
                    0.17364832758903503,
                    0.9848077297210693,
                    3.993342638015747
                ],
                [
                    0.0,
                    0.0,
                    0.0,
                    1.0
                ]
            ]
        },
        {
            "file_path": "./C/r_006",
            "rotation": 0.09519977738150888,
            "time": 0.5,
            "transform_matrix": [
                [
                    -4.371138828673793e-08,
                    -0.8660253882408142,
                    0.5000000596046448,
                    2.1047112941741943
                ],
                [
                    1.0,
                    -3.785517321830412e-08,
                    2.1855697696082643e-08,
                    0.016349345445632935
                ],
                [
                    0.0,
                    0.5000000596046448,
                    0.8660253882408142,
                    3.501894235610962
                ],
                [
                    0.0,
                    0.0,
                    0.0,
                    1.0
                ]
            ]
        },
        {
            "file_path": "./C/r_007",
            "rotation": 0.09519977738150888,
            "time": 0.5,
            "transform_matrix": [
                [
                    -0.8660253882408142,
                    -0.4330127239227295,
                    0.2500000596046448,
                    1.0703648328781128
                ],
                [
                    0.5000000596046448,
                    -0.7499999403953552,
                    0.43301281332969666,
                    1.8078900575637817
                ],
                [
                    -3.3167012247758976e-08,
                    0.5000001192092896,
                    0.8660253286361694,
                    3.501894235610962
                ],
                [
                    0.0,
                    0.0,
                    0.0,
                    1.0
                ]
            ]
        },
        {
            "file_path": "./C/r_008",
            "rotation": 0.09519977738150888,
            "time": 0.5,
            "transform_matrix": [
                [
                    -0.8660253882408142,
                    0.4330127239227295,
                    -0.2500000596046448,
                    -0.9983282685279846
                ],
                [
                    -0.5000000596046448,
                    -0.7499999403953552,
                    0.43301281332969666,
                    1.8078900575637817
                ],
                [
                    3.3167012247758976e-08,
                    0.5000001192092896,
                    0.8660253286361694,
                    3.501894235610962
                ],
                [
                    0.0,
                    0.0,
                    0.0,
                    1.0
                ]
            ]
        },
        {
            "file_path": "./C/r_009",
            "rotation": 0.09519977738150888,
            "time": 0.5,
            "transform_matrix": [
                [
                    -4.371138828673793e-08,
                    0.8660253882408142,
                    -0.5000000596046448,
                    -2.032674789428711
                ],
                [
                    -1.0,
                    -3.785517321830412e-08,
                    2.1855697696082643e-08,
                    0.016349345445632935
                ],
                [
                    0.0,
                    0.5000000596046448,
                    0.8660253882408142,
                    3.501894235610962
                ],
                [
                    0.0,
                    0.0,
                    0.0,
                    1.0
                ]
            ]
        },
        {
            "file_path": "./C/r_010",
            "rotation": 0.09519977738150888,
            "time": 0.5,
            "transform_matrix": [
                [
                    0.8660253882408142,
                    0.4330127239227295,
                    -0.25000011920928955,
                    -0.9983282685279846
                ],
                [
                    -0.5000000596046448,
                    0.7499999403953552,
                    -0.43301278352737427,
                    -1.7751914262771606
                ],
                [
                    2.4441249024675926e-08,
                    0.5000001192092896,
                    0.8660253286361694,
                    3.501894235610962
                ],
                [
                    0.0,
                    0.0,
                    0.0,
                    1.0
                ]
            ]
        },
        {
            "file_path": "./C/r_011",
            "rotation": 0.09519977738150888,
            "time": 0.5,
            "transform_matrix": [
                [
                    0.8660253882408142,
                    -0.4330127239227295,
                    0.25000011920928955,
                    1.0703648328781128
                ],
                [
                    0.5000000596046448,
                    0.7499999403953552,
                    -0.43301278352737427,
                    -1.7751914262771606
                ],
                [
                    -2.4441249024675926e-08,
                    0.5000001192092896,
                    0.8660253286361694,
                    3.501894235610962
                ],
                [
                    0.0,
                    0.0,
                    0.0,
                    1.0
                ]
            ]
        },
        {
            "file_path": "./C/r_012",
            "rotation": 0.09519977738150888,
            "time": 0.5,
            "transform_matrix": [
                [
                    -4.371138828673793e-08,
                    -0.6427876353263855,
                    0.7660444378852844,
                    3.205439805984497
                ],
                [
                    1.0,
                    -2.6125372087903997e-08,
                    3.513937585353233e-08,
                    0.016349345445632935
                ],
                [
                    -2.573959045903962e-09,
                    0.7660444378852844,
                    0.6427876353263855,
                    2.578273296356201
                ],
                [
                    0.0,
                    0.0,
                    0.0,
                    1.0
                ]
            ]
        },
        {
            "file_path": "./C/r_013",
            "rotation": 0.09519977738150888,
            "time": 0.5,
            "transform_matrix": [
                [
                    -0.8660253882408142,
                    -0.3213939070701599,
                    0.3830221891403198,
                    1.6207290887832642
                ],
                [
                    0.5000000596046448,
                    -0.5566704273223877,
                    0.6634138822555542,
                    2.7611489295959473
                ],
                [
                    -5.2947839890293835e-08,
                    0.7660443782806396,
                    0.6427876949310303,
                    2.578273296356201
                ],
                [
                    0.0,
                    0.0,
                    0.0,
                    1.0
                ]
            ]
        },
        {
            "file_path": "./C/r_014",
            "rotation": 0.09519977738150888,
            "time": 0.5,
            "transform_matrix": [
                [
                    -0.8660253882408142,
                    0.3213939070701599,
                    -0.3830221891403198,
                    -1.5486925840377808
                ],
                [
                    -0.5000000596046448,
                    -0.5566704273223877,
                    0.6634138822555542,
                    2.7611489295959473
                ],
                [
                    5.2947839890293835e-08,
                    0.7660443782806396,
                    0.6427876949310303,
                    2.578273296356201
                ],
                [
                    0.0,
                    0.0,
                    0.0,
                    1.0
                ]
            ]
        },
        {
            "file_path": "./C/r_015",
            "rotation": 0.09519977738150888,
            "time": 0.5,
            "transform_matrix": [
                [
                    -4.371138828673793e-08,
                    0.6427876353263855,
                    -0.7660444378852844,
                    -3.1334033012390137
                ],
                [
                    -1.0,
                    -2.6125372087903997e-08,
                    3.513937585353233e-08,
                    0.016349345445632935
                ],
                [
                    2.573959045903962e-09,
                    0.7660444378852844,
                    0.6427876353263855,
                    2.578273296356201
                ],
                [
                    0.0,
                    0.0,
                    0.0,
                    1.0
                ]
            ]
        },
        {
            "file_path": "./C/r_016",
            "rotation": 0.09519977738150888,
            "time": 0.5,
            "transform_matrix": [
                [
                    0.8660253286361694,
                    0.321393758058548,
                    -0.3830224275588989,
                    -1.5486925840377808
                ],
                [
                    -0.5000001192092896,
                    0.5566701889038086,
                    -0.6634140014648438,
                    -2.728450298309326
                ],
                [
                    4.8538236541162405e-08,
                    0.7660446166992188,
                    0.6427873969078064,
                    2.578273296356201
                ],
                [
                    0.0,
                    0.0,
                    0.0,
                    1.0
                ]
            ]
        },
        {
            "file_path": "./C/r_017",
            "rotation": 0.09519977738150888,
            "time": 0.5,
            "transform_matrix": [
                [
                    0.8660253286361694,
                    -0.321393758058548,
                    0.3830224275588989,
                    1.6207290887832642
                ],
                [
                    0.5000001192092896,
                    0.5566701889038086,
                    -0.6634140014648438,
                    -2.728450298309326
                ],
                [
                    -4.8538236541162405e-08,
                    0.7660446166992188,
                    0.6427873969078064,
                    2.578273296356201
                ],
                [
                    0.0,
                    0.0,
                    0.0,
                    1.0
                ]
            ]
        },
        {
            "file_path": "./C/r_018",
            "rotation": 0.09519977738150888,
            "time": 0.5,
            "transform_matrix": [
                [
                    7.549790126404332e-08,
                    -0.3420201539993286,
                    0.9396926164627075,
                    3.923889398574829
                ],
                [
                    1.0,
                    1.3614005922590877e-07,
                    -3.079225763258364e-08,
                    0.016349345445632935
                ],
                [
                    -1.1739823690959383e-07,
                    0.9396926164627075,
                    0.3420201539993286,
                    1.3338820934295654
                ],
                [
                    0.0,
                    0.0,
                    0.0,
                    1.0
                ]
            ]
        },
        {
            "file_path": "./C/r_019",
            "rotation": 0.09519977738150888,
            "time": 0.5,
            "transform_matrix": [
                [
                    -0.8660253882408142,
                    -0.1710100620985031,
                    0.46984636783599854,
                    1.9799538850784302
                ],
                [
                    0.5000000596046448,
                    -0.2961980104446411,
                    0.8137977123260498,
                    3.3833446502685547
                ],
                [
                    -4.381108098527875e-08,
                    0.9396926760673523,
                    0.34202003479003906,
                    1.3338820934295654
                ],
                [
                    0.0,
                    0.0,
                    0.0,
                    1.0
                ]
            ]
        },
        {
            "file_path": "./C/r_020",
            "rotation": 0.09519977738150888,
            "time": 0.5,
            "transform_matrix": [
                [
                    -0.8660253882408142,
                    0.1710100620985031,
                    -0.46984636783599854,
                    -1.9079173803329468
                ],
                [
                    -0.5000000596046448,
                    -0.2961980104446411,
                    0.8137977123260498,
                    3.3833446502685547
                ],
                [
                    4.381108098527875e-08,
                    0.9396926760673523,
                    0.34202003479003906,
                    1.3338820934295654
                ],
                [
                    0.0,
                    0.0,
                    0.0,
                    1.0
                ]
            ]
        },
        {
            "file_path": "./C/r_021",
            "rotation": 0.09519977738150888,
            "time": 0.5,
            "transform_matrix": [
                [
                    7.549790126404332e-08,
                    0.3420201539993286,
                    -0.9396926164627075,
                    -3.8518528938293457
                ],
                [
                    -1.0,
                    1.3614005922590877e-07,
                    -3.079225763258364e-08,
                    0.016349345445632935
                ],
                [
                    1.1739823690959383e-07,
                    0.9396926164627075,
                    0.3420201539993286,
                    1.3338820934295654
                ],
                [
                    0.0,
                    0.0,
                    0.0,
                    1.0
                ]
            ]
        },
        {
            "file_path": "./C/r_022",
            "rotation": 0.09519977738150888,
            "time": 0.5,
            "transform_matrix": [
                [
                    0.8660253882408142,
                    0.1710100620985031,
                    -0.46984633803367615,
                    -1.9079173803329468
                ],
                [
                    -0.5,
                    0.29619815945625305,
                    -0.813797652721405,
                    -3.3506457805633545
                ],
                [
                    2.1554980023097414e-08,
                    0.9396926164627075,
                    0.3420201539993286,
                    1.3338820934295654
                ],
                [
                    0.0,
                    0.0,
                    0.0,
                    1.0
                ]
            ]
        },
        {
            "file_path": "./C/r_023",
            "rotation": 0.09519977738150888,
            "time": 0.5,
            "transform_matrix": [
                [
                    0.8660253882408142,
                    -0.1710100620985031,
                    0.46984633803367615,
                    1.9799538850784302
                ],
                [
                    0.5,
                    0.29619815945625305,
                    -0.813797652721405,
                    -3.3506457805633545
                ],
                [
                    -2.1554980023097414e-08,
                    0.9396926164627075,
                    0.3420201539993286,
                    1.3338820934295654
                ],
                [
                    0.0,
                    0.0,
                    0.0,
                    1.0
                ]
            ]
        },
        {
            "file_path": "./C/r_024",
            "rotation": 0.09519977738150888,
            "time": 0.5,
            "transform_matrix": [
                [
                    -1.6292068494294654e-07,
                    -0.17364798486232758,
                    0.9848077893257141,
                    4.11054801940918
                ],
                [
                    1.0,
                    -6.008669828361235e-08,
                    1.548390997641036e-07,
                    0.016349345445632935
                ],
                [
                    3.228635492291687e-08,
                    0.9848077893257141,
                    0.17364798486232758,
                    0.6372622847557068
                ],
                [
                    0.0,
                    0.0,
                    0.0,
                    1.0
                ]
            ]
        },
        {
            "file_path": "./C/r_025",
            "rotation": 0.09519977738150888,
            "time": 0.5,
            "transform_matrix": [
                [
                    -0.8660253882408142,
                    -0.0868241935968399,
                    0.49240389466285706,
                    2.0732831954956055
                ],
                [
                    0.5000000596046448,
                    -0.1503835767507553,
                    0.8528685569763184,
                    3.5449957847595215
                ],
                [
                    -1.624567005364952e-07,
                    0.9848077893257141,
                    0.17364810407161713,
                    0.6372622847557068
                ],
                [
                    0.0,
                    0.0,
                    0.0,
                    1.0
                ]
            ]
        },
        {
            "file_path": "./C/r_026",
            "rotation": 0.09519977738150888,
            "time": 0.5,
            "transform_matrix": [
                [
                    -0.8660253882408142,
                    0.0868241935968399,
                    -0.49240389466285706,
                    -2.001246690750122
                ],
                [
                    -0.5000000596046448,
                    -0.1503835767507553,
                    0.8528685569763184,
                    3.5449957847595215
                ],
                [
                    1.624567005364952e-07,
                    0.9848077893257141,
                    0.17364810407161713,
                    0.6372622847557068
                ],
                [
                    0.0,
                    0.0,
                    0.0,
                    1.0
                ]
            ]
        },
        {
            "file_path": "./C/r_027",
            "rotation": 0.09519977738150888,
            "time": 0.5,
            "transform_matrix": [
                [
                    -1.6292068494294654e-07,
                    0.17364798486232758,
                    -0.9848077893257141,
                    -4.038511753082275
                ],
                [
                    -1.0,
                    -6.008669828361235e-08,
                    1.548390997641036e-07,
                    0.016349345445632935
                ],
                [
                    -3.228635492291687e-08,
                    0.9848077893257141,
                    0.17364798486232758,
                    0.6372622847557068
                ],
                [
                    0.0,
                    0.0,
                    0.0,
                    1.0
                ]
            ]
        },
        {
            "file_path": "./C/r_028",
            "rotation": 0.09519977738150888,
            "time": 0.5,
            "transform_matrix": [
                [
                    0.8660253882408142,
                    0.08682398498058319,
                    -0.49240389466285706,
                    -2.001246690750122
                ],
                [
                    -0.5,
                    0.15038371086120605,
                    -0.8528685569763184,
                    -3.5122971534729004
                ],
                [
                    8.087817349178295e-08,
                    0.9848077893257141,
                    0.17364810407161713,
                    0.6372622847557068
                ],
                [
                    0.0,
                    0.0,
                    0.0,
                    1.0
                ]
            ]
        },
        {
            "file_path": "./C/r_029",
            "rotation": 0.09519977738150888,
            "time": 0.5,
            "transform_matrix": [
                [
                    0.8660253882408142,
                    -0.08682398498058319,
                    0.49240389466285706,
                    2.0732831954956055
                ],
                [
                    0.5,
                    0.15038371086120605,
                    -0.8528685569763184,
                    -3.5122971534729004
                ],
                [
                    -8.087817349178295e-08,
                    0.9848077893257141,
                    0.17364810407161713,
                    0.6372622847557068
                ],
                [
                    0.0,
                    0.0,
                    0.0,
                    1.0
                ]
            ]
        },
        {
            "file_path": "./C/r_030",
            "rotation": 0.09519977738150888,
            "time": 0.5,
            "transform_matrix": [
                [
                    -4.371138828673793e-08,
                    4.371138828673793e-08,
                    1.0,
                    4.173404216766357
                ],
                [
                    1.0,
                    1.910685676922942e-15,
                    4.371138828673793e-08,
                    0.016349345445632935
                ],
                [
                    0.0,
                    1.0,
                    -4.371138828673793e-08,
                    -0.08118724822998047
                ],
                [
                    0.0,
                    0.0,
                    0.0,
                    1.0
                ]
            ]
        },
        {
            "file_path": "./C/r_031",
            "rotation": 0.09519977738150888,
            "time": 0.5,
            "transform_matrix": [
                [
                    -0.8660253882408142,
                    -3.102908507912616e-08,
                    0.5000000596046448,
                    2.1047112941741943
                ],
                [
                    0.5000000596046448,
                    6.838821775545512e-08,
                    0.8660253882408142,
                    3.599430799484253
                ],
                [
                    -6.1066089074302e-08,
                    1.0,
                    -4.371138828673793e-08,
                    -0.08118724822998047
                ],
                [
                    0.0,
                    0.0,
                    0.0,
                    1.0
                ]
            ]
        },
        {
            "file_path": "./C/r_032",
            "rotation": 0.09519977738150888,
            "time": 0.5,
            "transform_matrix": [
                [
                    -0.8660253882408142,
                    3.102908507912616e-08,
                    -0.5000000596046448,
                    -2.032674789428711
                ],
                [
                    -0.5000000596046448,
                    6.838821775545512e-08,
                    0.8660253882408142,
                    3.599430799484253
                ],
                [
                    6.1066089074302e-08,
                    1.0,
                    -4.371138828673793e-08,
                    -0.08118724822998047
                ],
                [
                    0.0,
                    0.0,
                    0.0,
                    1.0
                ]
            ]
        },
        {
            "file_path": "./C/r_033",
            "rotation": 0.09519977738150888,
            "time": 0.5,
            "transform_matrix": [
                [
                    -4.371138828673793e-08,
                    -4.371138828673793e-08,
                    -1.0,
                    -4.101367950439453
                ],
                [
                    -1.0,
                    1.910685676922942e-15,
                    4.371138828673793e-08,
                    0.016349345445632935
                ],
                [
                    0.0,
                    1.0,
                    -4.371138828673793e-08,
                    -0.08118724822998047
                ],
                [
                    0.0,
                    0.0,
                    0.0,
                    1.0
                ]
            ]
        },
        {
            "file_path": "./C/r_034",
            "rotation": 0.09519977738150888,
            "time": 0.5,
            "transform_matrix": [
                [
                    0.8660253882408142,
                    -5.711222073045974e-08,
                    -0.5,
                    -2.032674789428711
                ],
                [
                    -0.5,
                    -1.7499807825060998e-08,
                    -0.8660253882408142,
                    -3.566732168197632
                ],
                [
                    4.071073078648624e-08,
                    1.0,
                    -4.371138828673793e-08,
                    -0.08118724822998047
                ],
                [
                    0.0,
                    0.0,
                    0.0,
                    1.0
                ]
            ]
        },
        {
            "file_path": "./C/r_035",
            "rotation": 0.09519977738150888,
            "time": 0.5,
            "transform_matrix": [
                [
                    0.8660253882408142,
                    5.711222073045974e-08,
                    0.5,
                    2.1047112941741943
                ],
                [
                    0.5,
                    -1.7499807825060998e-08,
                    -0.8660253882408142,
                    -3.566732168197632
                ],
                [
                    -4.071073078648624e-08,
                    1.0,
                    -4.371138828673793e-08,
                    -0.08118724822998047
                ],
                [
                    0.0,
                    0.0,
                    0.0,
                    1.0
                ]
            ]
        },
        {
            "file_path": "./C/r_036",
            "rotation": 0.09519977738150888,
            "time": 0.5,
            "transform_matrix": [
                [
                    7.549790126404332e-08,
                    0.1736481934785843,
                    0.9848077297210693,
                    4.11054801940918
                ],
                [
                    1.0,
                    -1.311007302717826e-08,
                    -7.435091475826994e-08,
                    0.016349345445632935
                ],
                [
                    0.0,
                    0.9848077297210693,
                    -0.1736481934785843,
                    -0.7996367812156677
                ],
                [
                    0.0,
                    0.0,
                    0.0,
                    1.0
                ]
            ]
        },
        {
            "file_path": "./C/r_037",
            "rotation": 0.09519977738150888,
            "time": 0.5,
            "transform_matrix": [
                [
                    -0.8660253882408142,
                    0.08682394027709961,
                    0.49240395426750183,
                    2.0732831954956055
                ],
                [
                    0.5000000596046448,
                    0.15038369596004486,
                    0.8528684973716736,
                    3.5449957847595215
                ],
                [
                    -1.1655730958182176e-07,
                    0.9848077893257141,
                    -0.17364807426929474,
                    -0.7996367812156677
                ],
                [
                    0.0,
                    0.0,
                    0.0,
                    1.0
                ]
            ]
        },
        {
            "file_path": "./C/r_038",
            "rotation": 0.09519977738150888,
            "time": 0.5,
            "transform_matrix": [
                [
                    -0.8660253882408142,
                    -0.08682394027709961,
                    -0.49240395426750183,
                    -2.001246690750122
                ],
                [
                    -0.5000000596046448,
                    0.15038369596004486,
                    0.8528684973716736,
                    3.5449957847595215
                ],
                [
                    1.1655730958182176e-07,
                    0.9848077893257141,
                    -0.17364807426929474,
                    -0.7996367812156677
                ],
                [
                    0.0,
                    0.0,
                    0.0,
                    1.0
                ]
            ]
        },
        {
            "file_path": "./C/r_039",
            "rotation": 0.09519977738150888,
            "time": 0.5,
            "transform_matrix": [
                [
                    7.549790126404332e-08,
                    -0.1736481934785843,
                    -0.9848077297210693,
                    -4.038511753082275
                ],
                [
                    -1.0,
                    -1.311007302717826e-08,
                    -7.435091475826994e-08,
                    0.016349345445632935
                ],
                [
                    0.0,
                    0.9848077297210693,
                    -0.1736481934785843,
                    -0.7996367812156677
                ],
                [
                    0.0,
                    0.0,
                    0.0,
                    1.0
                ]
            ]
        },
        {
            "file_path": "./C/r_040",
            "rotation": 0.09519977738150888,
            "time": 0.5,
            "transform_matrix": [
                [
                    0.8660253882408142,
                    -0.08682414889335632,
                    -0.49240386486053467,
                    -2.001246690750122
                ],
                [
                    -0.5,
                    -0.15038371086120605,
                    -0.8528685569763184,
                    -3.5122971534729004
                ],
                [
                    6.284125930733353e-08,
                    0.9848077297210693,
                    -0.1736481934785843,
                    -0.7996367812156677
                ],
                [
                    0.0,
                    0.0,
                    0.0,
                    1.0
                ]
            ]
        },
        {
            "file_path": "./C/r_041",
            "rotation": 0.09519977738150888,
            "time": 0.5,
            "transform_matrix": [
                [
                    0.8660253882408142,
                    0.08682414889335632,
                    0.49240386486053467,
                    2.0732831954956055
                ],
                [
                    0.5,
                    -0.15038371086120605,
                    -0.8528685569763184,
                    -3.5122971534729004
                ],
                [
                    -6.284125930733353e-08,
                    0.9848077297210693,
                    -0.1736481934785843,
                    -0.7996367812156677
                ],
                [
                    0.0,
                    0.0,
                    0.0,
                    1.0
                ]
            ]
        },
        {
            "file_path": "./C/r_042",
            "rotation": 0.09519977738150888,
            "time": 0.5,
            "transform_matrix": [
                [
                    -1.6292068494294654e-07,
                    0.3420202434062958,
                    0.9396926164627075,
                    3.923889398574829
                ],
                [
                    1.0,
                    1.6604040808942955e-07,
                    1.1294279289586484e-07,
                    0.016349345445632935
                ],
                [
                    -1.1739821559331176e-07,
                    0.9396926164627075,
                    -0.3420202434062958,
                    -1.4962565898895264
                ],
                [
                    0.0,
                    0.0,
                    0.0,
                    1.0
                ]
            ]
        },
        {
            "file_path": "./C/r_043",
            "rotation": 0.09519977738150888,
            "time": 0.5,
            "transform_matrix": [
                [
                    -0.8660255074501038,
                    0.17100989818572998,
                    0.4698461890220642,
                    1.9799538850784302
                ],
                [
                    0.4999998211860657,
                    0.29619818925857544,
                    0.8137977719306946,
                    3.3833446502685547
                ],
                [
                    -1.271854443984921e-07,
                    0.9396926164627075,
                    -0.3420201241970062,
                    -1.4962565898895264
                ],
                [
                    0.0,
                    0.0,
                    0.0,
                    1.0
                ]
            ]
        },
        {
            "file_path": "./C/r_044",
            "rotation": 0.09519977738150888,
            "time": 0.5,
            "transform_matrix": [
                [
                    -0.8660255074501038,
                    -0.17100989818572998,
                    -0.4698461890220642,
                    -1.9079173803329468
