{
    "camera_angle_x": 0.691111147403717,
    "frames": [
        {
            "file_path": "./E/r_000",
            "rotation": 0.09519977738150888,
            "time": 0.4,
            "transform_matrix": [
                [
                    -4.371138828673793e-08,
                    -0.9848077297210693,
                    0.17364820837974548,
                    0.8247259855270386
                ],
                [
                    1.0,
                    -2.5731488051405904e-08,
                    1.0579332609950143e-07,
                    -0.04168510437011719
                ],
                [
                    -9.971785885909412e-08,
                    0.17364820837974548,
                    0.9848077297210693,
                    4.458736896514893
                ],
                [
                    0.0,
                    0.0,
                    0.0,
                    1.0
                ]
            ]
        },
        {
            "file_path": "./E/r_001",
            "rotation": 0.09519977738150888,
            "time": 0.4,
            "transform_matrix": [
                [
                    -0.8660253882408142,
                    -0.49240392446517944,
                    0.08682401478290558,
                    0.4280279576778412
                ],
                [
                    0.5000000596046448,
                    -0.8528684973716736,
                    0.15038369596004486,
                    0.6454160213470459
                ],
                [
                    -5.37771391861952e-08,
                    0.17364811897277832,
                    0.9848077893257141,
                    4.458736896514893
                ],
                [
                    0.0,
                    0.0,
                    0.0,
                    1.0
                ]
            ]
        },
        {
            "file_path": "./E/r_002",
            "rotation": 0.09519977738150888,
            "time": 0.4,
            "transform_matrix": [
                [
                    -0.8660253882408142,
                    0.49240392446517944,
                    -0.08682401478290558,
                    -0.3653680980205536
                ],
                [
                    -0.5000000596046448,
                    -0.8528684973716736,
                    0.15038369596004486,
                    0.6454160213470459
                ],
                [
                    5.37771391861952e-08,
                    0.17364811897277832,
                    0.9848077893257141,
                    4.458736896514893
                ],
                [
                    0.0,
                    0.0,
                    0.0,
                    1.0
                ]
            ]
        },
        {
            "file_path": "./E/r_003",
            "rotation": 0.09519977738150888,
            "time": 0.4,
            "transform_matrix": [
                [
                    -4.371138828673793e-08,
                    0.9848077297210693,
                    -0.17364820837974548,
                    -0.762066125869751
                ],
                [
                    -1.0,
                    -2.5731488051405904e-08,
                    1.0579332609950143e-07,
                    -0.04168510437011719
                ],
                [
                    9.971785885909412e-08,
                    0.17364820837974548,
                    0.9848077297210693,
                    4.458736896514893
                ],
                [
                    0.0,
                    0.0,
                    0.0,
                    1.0
                ]
            ]
        },
        {
            "file_path": "./E/r_004",
            "rotation": 0.09519977738150888,
            "time": 0.4,
            "transform_matrix": [
                [
                    0.8660253882408142,
                    0.49240392446517944,
                    -0.08682422339916229,
                    -0.3653680980205536
                ],
                [
                    -0.5000000596046448,
                    0.8528684973716736,
                    -0.1503838300704956,
                    -0.7287862300872803
                ],
                [
                    5.64871527330979e-08,
                    0.17364832758903503,
                    0.9848077297210693,
                    4.458736896514893
                ],
                [
                    0.0,
                    0.0,
                    0.0,
                    1.0
                ]
            ]
        },
        {
            "file_path": "./E/r_005",
            "rotation": 0.09519977738150888,
            "time": 0.4,
            "transform_matrix": [
                [
                    0.8660253882408142,
                    -0.49240392446517944,
                    0.08682422339916229,
                    0.4280279576778412
                ],
                [
                    0.5000000596046448,
                    0.8528684973716736,
                    -0.1503838300704956,
                    -0.7287862300872803
                ],
                [
                    -5.64871527330979e-08,
                    0.17364832758903503,
                    0.9848077297210693,
                    4.458736896514893
                ],
                [
                    0.0,
                    0.0,
                    0.0,
                    1.0
                ]
            ]
        },
        {
            "file_path": "./E/r_006",
            "rotation": 0.09519977738150888,
            "time": 0.4,
            "transform_matrix": [
                [
                    -4.371138828673793e-08,
                    -0.8660253882408142,
                    0.5000000596046448,
                    2.3158228397369385
                ],
                [
                    1.0,
                    1.303324026480368e-08,
                    1.0999699640024119e-07,
                    -0.04168510437011719
                ],
                [
                    -1.0177681275536088e-07,
                    0.5000000596046448,
                    0.8660253882408142,
                    3.916022300720215
                ],
                [
                    0.0,
                    0.0,
                    0.0,
                    1.0
                ]
            ]
        },
        {
            "file_path": "./E/r_007",
            "rotation": 0.09519977738150888,
            "time": 0.4,
            "transform_matrix": [
                [
                    -0.8660253882408142,
                    -0.43301278352737427,
                    0.24999995529651642,
                    1.1735763549804688
                ],
                [
                    0.5000000596046448,
                    -0.7499999403953552,
                    0.4330127537250519,
                    1.9367437362670898
                ],
                [
                    -9.576621806672847e-08,
                    0.5,
                    0.8660253882408142,
                    3.916022300720215
                ],
                [
                    0.0,
                    0.0,
                    0.0,
                    1.0
                ]
            ]
        },
        {
            "file_path": "./E/r_008",
            "rotation": 0.09519977738150888,
            "time": 0.4,
            "transform_matrix": [
                [
                    -0.8660253882408142,
                    0.43301278352737427,
                    -0.24999995529651642,
                    -1.1109164953231812
                ],
                [
                    -0.5000000596046448,
                    -0.7499999403953552,
                    0.4330127537250519,
                    1.9367437362670898
                ],
                [
                    9.576621806672847e-08,
                    0.5,
                    0.8660253882408142,
                    3.916022300720215
                ],
                [
                    0.0,
                    0.0,
                    0.0,
                    1.0
                ]
            ]
        },
        {
            "file_path": "./E/r_009",
            "rotation": 0.09519977738150888,
            "time": 0.4,
            "transform_matrix": [
                [
                    -4.371138828673793e-08,
                    0.8660253882408142,
                    -0.5,
                    -2.2531628608703613
                ],
                [
                    -1.0,
                    -7.856590400479035e-08,
                    -4.8657359030812586e-08,
                    -0.04168510437011719
                ],
                [
                    -8.142146157297248e-08,
                    0.5,
                    0.8660253882408142,
                    3.916022300720215
                ],
                [
                    0.0,
                    0.0,
                    0.0,
                    1.0
                ]
            ]
        },
        {
            "file_path": "./E/r_010",
            "rotation": 0.09519977738150888,
            "time": 0.4,
            "transform_matrix": [
                [
                    0.8660253286361694,
                    0.4330127239227295,
                    -0.2500001788139343,
                    -1.1109164953231812
                ],
                [
                    -0.5000001192092896,
                    0.7499998807907104,
                    -0.43301278352737427,
                    -2.020113945007324
                ],
                [
                    3.6347845622231034e-08,
                    0.5000001788139343,
                    0.8660253286361694,
                    3.916022300720215
                ],
                [
                    0.0,
                    0.0,
                    0.0,
                    1.0
                ]
            ]
        },
        {
            "file_path": "./E/r_011",
            "rotation": 0.09519977738150888,
            "time": 0.4,
            "transform_matrix": [
                [
                    0.8660253286361694,
                    -0.4330127239227295,
                    0.2500001788139343,
                    1.1735763549804688
                ],
                [
                    0.5000001192092896,
                    0.7499998807907104,
                    -0.43301278352737427,
                    -2.020113945007324
                ],
                [
                    -3.6347845622231034e-08,
                    0.5000001788139343,
                    0.8660253286361694,
                    3.916022300720215
                ],
                [
                    0.0,
                    0.0,
                    0.0,
                    1.0
                ]
            ]
        },
        {
            "file_path": "./E/r_012",
            "rotation": 0.09519977738150888,
            "time": 0.4,
            "transform_matrix": [
                [
                    -4.371138828673793e-08,
                    -0.6427876353263855,
                    0.7660444378852844,
                    3.5313758850097656
                ],
                [
                    1.0,
                    -5.735851971166994e-08,
                    8.931655415267414e-09,
                    -0.04168510437011719
                ],
                [
                    3.819801719373572e-08,
                    0.7660444378852844,
                    0.6427876353263855,
                    2.8960518836975098
                ],
                [
                    0.0,
                    0.0,
                    0.0,
                    1.0
                ]
            ]
        },
        {
            "file_path": "./E/r_013",
            "rotation": 0.09519977738150888,
            "time": 0.4,
            "transform_matrix": [
                [
                    -0.8660253882408142,
                    -0.3213936984539032,
                    0.38302236795425415,
                    1.7813529968261719
                ],
                [
                    0.5000000596046448,
                    -0.5566701889038086,
                    0.6634141206741333,
                    2.989443778991699
                ],
                [
                    9.351629692844199e-09,
                    0.7660446166992188,
                    0.6427873969078064,
                    2.8960518836975098
                ],
                [
                    0.0,
                    0.0,
                    0.0,
                    1.0
                ]
            ]
        },
        {
            "file_path": "./E/r_014",
            "rotation": 0.09519977738150888,
            "time": 0.4,
            "transform_matrix": [
                [
                    -0.8660253882408142,
                    0.3213936984539032,
                    -0.38302236795425415,
                    -1.7186931371688843
                ],
                [
                    -0.5000000596046448,
                    -0.5566701889038086,
                    0.6634141206741333,
                    2.989443778991699
                ],
                [
                    -9.351629692844199e-09,
                    0.7660446166992188,
                    0.6427873969078064,
                    2.8960518836975098
                ],
                [
                    0.0,
                    0.0,
                    0.0,
                    1.0
                ]
            ]
        },
        {
            "file_path": "./E/r_015",
            "rotation": 0.09519977738150888,
            "time": 0.4,
            "transform_matrix": [
                [
                    -4.371138828673793e-08,
                    0.6427876353263855,
                    -0.7660444378852844,
                    -3.4687161445617676
                ],
                [
                    -1.0,
                    -5.735851971166994e-08,
                    8.931655415267414e-09,
                    -0.04168510437011719
                ],
                [
                    -3.819801719373572e-08,
                    0.7660444378852844,
                    0.6427876353263855,
                    2.8960518836975098
                ],
                [
                    0.0,
                    0.0,
                    0.0,
                    1.0
                ]
            ]
        },
        {
            "file_path": "./E/r_016",
            "rotation": 0.09519977738150888,
            "time": 0.4,
            "transform_matrix": [
                [
                    0.866025447845459,
                    0.321393758058548,
                    -0.38302212953567505,
                    -1.7186931371688843
                ],
                [
                    -0.49999991059303284,
                    0.5566704273223877,
                    -0.6634140014648438,
                    -3.0728139877319336
                ],
                [
                    -1.6507872402371504e-08,
                    0.7660444378852844,
                    0.6427876353263855,
                    2.8960518836975098
                ],
                [
                    0.0,
                    0.0,
                    0.0,
                    1.0
                ]
            ]
        },
        {
            "file_path": "./E/r_017",
            "rotation": 0.09519977738150888,
            "time": 0.4,
            "transform_matrix": [
                [
                    0.866025447845459,
                    -0.321393758058548,
                    0.38302212953567505,
                    1.7813529968261719
                ],
                [
                    0.49999991059303284,
                    0.5566704273223877,
                    -0.6634140014648438,
                    -3.0728139877319336
                ],
                [
                    1.6507872402371504e-08,
                    0.7660444378852844,
                    0.6427876353263855,
                    2.8960518836975098
                ],
                [
                    0.0,
                    0.0,
                    0.0,
                    1.0
                ]
            ]
        },
        {
            "file_path": "./E/r_018",
            "rotation": 0.09519977738150888,
            "time": 0.4,
            "transform_matrix": [
                [
                    7.549790126404332e-08,
                    -0.34202027320861816,
                    0.9396925568580627,
                    4.324771881103516
                ],
                [
                    1.0,
                    -1.9611272605857266e-08,
                    -8.748111213208176e-08,
                    -0.04168510437011719
                ],
                [
                    4.834888045479602e-08,
                    0.9396925568580627,
                    0.34202027320861816,
                    1.5218497514724731
                ],
                [
                    0.0,
                    0.0,
                    0.0,
                    1.0
                ]
            ]
        },
        {
            "file_path": "./E/r_019",
            "rotation": 0.09519977738150888,
            "time": 0.4,
            "transform_matrix": [
                [
                    -0.8660255074501038,
                    -0.17100995779037476,
                    0.4698461592197418,
                    2.178050994873047
                ],
                [
                    0.4999998211860657,
                    -0.29619795083999634,
                    0.8137978315353394,
                    3.6765449047088623
                ],
                [
                    -6.789941409124367e-08,
                    0.9396926760673523,
                    0.3420199155807495,
                    1.5218497514724731
                ],
                [
                    0.0,
                    0.0,
                    0.0,
                    1.0
                ]
            ]
        },
        {
            "file_path": "./E/r_020",
            "rotation": 0.09519977738150888,
            "time": 0.4,
            "transform_matrix": [
                [
                    -0.8660255074501038,
                    0.17100992798805237,
                    -0.4698461890220642,
                    -2.1153910160064697
                ],
                [
                    -0.4999998211860657,
                    -0.29619795083999634,
                    0.8137978315353394,
                    3.6765449047088623
                ],
                [
                    3.487651767386524e-08,
                    0.9396926760673523,
                    0.3420199155807495,
                    1.5218497514724731
                ],
                [
                    0.0,
                    0.0,
                    0.0,
                    1.0
                ]
            ]
        },
        {
            "file_path": "./E/r_021",
            "rotation": 0.09519977738150888,
            "time": 0.4,
            "transform_matrix": [
                [
                    7.549790126404332e-08,
                    0.3420201539993286,
                    -0.9396926164627075,
                    -4.262112140655518
                ],
                [
                    -1.0,
                    1.3614005922590877e-07,
                    -3.079225763258364e-08,
                    -0.04168510437011719
                ],
                [
                    1.1739823690959383e-07,
                    0.9396926164627075,
                    0.3420201539993286,
                    1.5218497514724731
                ],
                [
                    0.0,
                    0.0,
                    0.0,
                    1.0
                ]
            ]
        },
        {
            "file_path": "./E/r_022",
            "rotation": 0.09519977738150888,
            "time": 0.4,
            "transform_matrix": [
                [
                    0.8660253882408142,
                    0.17101001739501953,
                    -0.4698463976383209,
                    -2.1153910160064697
                ],
                [
                    -0.5000000596046448,
                    0.2961980402469635,
                    -0.813797652721405,
                    -3.7599151134490967
                ],
                [
                    2.4605654402876098e-08,
                    0.9396926760673523,
                    0.34202003479003906,
                    1.5218497514724731
                ],
                [
                    0.0,
                    0.0,
                    0.0,
                    1.0
                ]
            ]
        },
        {
            "file_path": "./E/r_023",
            "rotation": 0.09519977738150888,
            "time": 0.4,
            "transform_matrix": [
                [
                    0.8660253882408142,
                    -0.17101004719734192,
                    0.46984633803367615,
                    2.178050994873047
                ],
                [
                    0.5,
                    0.29619815945625305,
                    -0.813797652721405,
                    -3.7599151134490967
                ],
                [
                    -3.806642823178663e-08,
                    0.9396926164627075,
                    0.3420201539993286,
                    1.5218497514724731
                ],
                [
                    0.0,
                    0.0,
                    0.0,
                    1.0
                ]
            ]
        },
        {
            "file_path": "./E/r_024",
            "rotation": 0.09519977738150888,
            "time": 0.4,
            "transform_matrix": [
                [
                    -1.6292068494294654e-07,
                    -0.17364798486232758,
                    0.9848077893257141,
                    4.53090238571167
                ],
                [
                    1.0,
                    -6.008669828361235e-08,
                    1.548390997641036e-07,
                    -0.04168510437011719
                ],
                [
                    3.228635492291687e-08,
                    0.9848077893257141,
                    0.17364798486232758,
                    0.7525606751441956
                ],
                [
                    0.0,
                    0.0,
                    0.0,
                    1.0
                ]
            ]
        },
        {
            "file_path": "./E/r_025",
            "rotation": 0.09519977738150888,
            "time": 0.4,
            "transform_matrix": [
                [
                    -0.8660253882408142,
                    -0.08682400733232498,
                    0.49240392446517944,
                    2.281116247177124
                ],
                [
                    0.5000000596046448,
                    -0.15038356184959412,
                    0.8528685569763184,
                    3.8550589084625244
                ],
                [
                    -8.092751357935413e-09,
                    0.9848077893257141,
                    0.17364798486232758,
                    0.7525606751441956
                ],
                [
                    0.0,
                    0.0,
                    0.0,
                    1.0
                ]
            ]
        },
        {
            "file_path": "./E/r_026",
            "rotation": 0.09519977738150888,
            "time": 0.4,
            "transform_matrix": [
                [
                    -0.8660255074501038,
                    0.08682414889335632,
                    -0.49240368604660034,
                    -2.218456268310547
                ],
                [
                    -0.4999998211860657,
                    -0.15038374066352844,
                    0.8528686165809631,
                    3.8550589084625244
                ],
                [
                    8.19814758301618e-08,
                    0.9848077297210693,
                    0.17364822328090668,
                    0.7525606751441956
                ],
                [
                    0.0,
                    0.0,
                    0.0,
                    1.0
                ]
            ]
        },
        {
            "file_path": "./E/r_027",
            "rotation": 0.09519977738150888,
            "time": 0.4,
            "transform_matrix": [
                [
                    -1.6292068494294654e-07,
                    0.17364798486232758,
                    -0.9848077893257141,
                    -4.468242645263672
                ],
                [
                    -1.0,
                    -6.008669828361235e-08,
                    1.548390997641036e-07,
                    -0.04168510437011719
                ],
                [
                    -3.228635492291687e-08,
                    0.9848077893257141,
                    0.17364798486232758,
                    0.7525606751441956
                ],
                [
                    0.0,
                    0.0,
                    0.0,
                    1.0
                ]
            ]
        },
        {
            "file_path": "./E/r_028",
            "rotation": 0.09519977738150888,
            "time": 0.4,
            "transform_matrix": [
                [
                    0.8660253882408142,
                    0.08682404458522797,
                    -0.49240395426750183,
                    -2.218456268310547
                ],
                [
                    -0.5000000596046448,
                    0.15038366615772247,
                    -0.8528684973716736,
                    -3.938429117202759
                ],
                [
                    2.1818541640072908e-08,
                    0.9848077893257141,
                    0.17364810407161713,
                    0.7525606751441956
                ],
                [
                    0.0,
                    0.0,
                    0.0,
                    1.0
                ]
            ]
        },
        {
            "file_path": "./E/r_029",
            "rotation": 0.09519977738150888,
            "time": 0.4,
            "transform_matrix": [
                [
                    0.8660253882408142,
                    -0.08682408928871155,
                    0.49240389466285706,
                    2.281116247177124
                ],
                [
                    0.5,
                    0.15038378536701202,
                    -0.8528684973716736,
                    -3.938429117202759
                ],
                [
                    -2.3401803161959833e-08,
                    0.9848077297210693,
                    0.17364822328090668,
                    0.7525606751441956
                ],
                [
                    0.0,
                    0.0,
                    0.0,
                    1.0
                ]
            ]
        },
        {
            "file_path": "./E/r_030",
            "rotation": 0.09519977738150888,
            "time": 0.4,
            "transform_matrix": [
                [
                    -4.371138828673793e-08,
                    4.371138828673793e-08,
                    1.0,
                    4.600315570831299
                ],
                [
                    1.0,
                    1.910685676922942e-15,
                    4.371138828673793e-08,
                    -0.04168510437011719
                ],
                [
                    0.0,
                    1.0,
                    -4.371138828673793e-08,
                    -0.04083538055419922
                ],
                [
                    0.0,
                    0.0,
                    0.0,
                    1.0
                ]
            ]
        },
        {
            "file_path": "./E/r_031",
            "rotation": 0.09519977738150888,
            "time": 0.4,
            "transform_matrix": [
                [
                    -0.8660253882408142,
                    -9.063374761808518e-08,
                    0.5000000596046448,
                    2.3158228397369385
                ],
                [
                    0.5000000596046448,
                    -3.4850042851530816e-08,
                    0.8660253882408142,
                    3.915172576904297
                ],
                [
                    -6.106610328515671e-08,
                    1.0,
                    7.549790126404332e-08,
                    -0.04083538055419922
                ],
                [
                    0.0,
                    0.0,
                    0.0,
                    1.0
                ]
            ]
        },
        {
            "file_path": "./E/r_032",
            "rotation": 0.09519977738150888,
            "time": 0.4,
            "transform_matrix": [
                [
                    -0.8660253882408142,
                    4.865734837267155e-08,
                    -0.5000000596046448,
                    -2.2531628608703613
                ],
                [
                    -0.5000000596046448,
                    7.856590400479035e-08,
                    0.8660253882408142,
                    3.915172576904297
                ],
                [
                    8.142145446754512e-08,
                    1.0,
                    -4.371138828673793e-08,
                    -0.04083538055419922
                ],
                [
                    0.0,
                    0.0,
                    0.0,
                    1.0
                ]
            ]
        },
        {
            "file_path": "./E/r_033",
            "rotation": 0.09519977738150888,
            "time": 0.4,
            "transform_matrix": [
                [
                    -4.371138828673793e-08,
                    -4.371138828673793e-08,
                    -1.0,
                    -4.537655830383301
                ],
                [
                    -1.0,
                    1.910685676922942e-15,
                    4.371138828673793e-08,
                    -0.04168510437011719
                ],
                [
                    0.0,
                    1.0,
                    -4.371138828673793e-08,
                    -0.04083538055419922
                ],
                [
                    0.0,
                    0.0,
                    0.0,
                    1.0
                ]
            ]
        },
        {
            "file_path": "./E/r_034",
            "rotation": 0.09519977738150888,
            "time": 0.4,
            "transform_matrix": [
                [
                    0.866025447845459,
                    -2.0590039895296286e-08,
                    -0.49999991059303284,
                    -2.2531628608703613
                ],
                [
                    -0.49999991059303284,
                    -3.858589892047348e-08,
                    -0.866025447845459,
                    -3.9985427856445312
                ],
                [
                    -1.4614478516250529e-09,
                    1.0,
                    -4.371138828673793e-08,
                    -0.04083538055419922
                ],
                [
                    0.0,
                    0.0,
                    0.0,
                    1.0
                ]
            ]
        },
        {
            "file_path": "./E/r_035",
            "rotation": 0.09519977738150888,
            "time": 0.4,
            "transform_matrix": [
                [
                    0.8660253882408142,
                    5.711222073045974e-08,
                    0.5,
                    2.3158228397369385
                ],
                [
                    0.5,
                    -1.7499807825060998e-08,
                    -0.8660253882408142,
                    -3.9985427856445312
                ],
                [
                    -4.071073078648624e-08,
                    1.0,
                    -4.371138828673793e-08,
                    -0.04083538055419922
                ],
                [
                    0.0,
                    0.0,
                    0.0,
                    1.0
                ]
            ]
        },
        {
            "file_path": "./E/r_036",
            "rotation": 0.09519977738150888,
            "time": 0.4,
            "transform_matrix": [
                [
                    -1.6292068494294654e-07,
                    0.17364829778671265,
                    0.9848077297210693,
                    4.53090238571167
                ],
                [
                    1.0,
                    6.008675512703121e-08,
                    1.5483907134239416e-07,
                    -0.04168510437011719
                ],
                [
                    -3.228635492291687e-08,
                    0.9848077297210693,
                    -0.17364829778671265,
                    -0.834231436252594
                ],
                [
                    0.0,
                    0.0,
                    0.0,
                    1.0
                ]
            ]
        },
        {
            "file_path": "./E/r_037",
            "rotation": 0.09519977738150888,
            "time": 0.4,
            "transform_matrix": [
                [
                    -0.8660253882408142,
                    0.08682417124509811,
                    0.49240389466285706,
                    2.281116247177124
                ],
                [
                    0.5000000596046448,
                    0.1503838300704956,
                    0.8528684973716736,
                    3.8550589084625244
                ],
                [
                    1.3605832904772797e-08,
                    0.9848077297210693,
                    -0.17364829778671265,
                    -0.834231436252594
                ],
                [
                    0.0,
                    0.0,
                    0.0,
                    1.0
                ]
            ]
        },
        {
            "file_path": "./E/r_038",
            "rotation": 0.09519977738150888,
            "time": 0.4,
            "transform_matrix": [
                [
                    -0.8660255074501038,
                    -0.08682402968406677,
                    -0.49240371584892273,
                    -2.218456268310547
                ],
                [
                    -0.4999998211860657,
                    0.15038377046585083,
                    0.8528686165809631,
                    3.8550589084625244
                ],
                [
                    3.677418547454181e-08,
                    0.9848077297210693,
                    -0.1736481934785843,
                    -0.834231436252594
                ],
                [
                    0.0,
                    0.0,
                    0.0,
                    1.0
                ]
            ]
        },
        {
            "file_path": "./E/r_039",
            "rotation": 0.09519977738150888,
            "time": 0.4,
            "transform_matrix": [
                [
                    7.549790126404332e-08,
                    -0.1736481934785843,
                    -0.9848077297210693,
                    -4.468242645263672
                ],
                [
                    -1.0,
                    -1.311007302717826e-08,
                    -7.435091475826994e-08,
                    -0.04168510437011719
                ],
                [
                    0.0,
                    0.9848077297210693,
                    -0.1736481934785843,
                    -0.834231436252594
                ],
                [
                    0.0,
                    0.0,
                    0.0,
                    1.0
                ]
            ]
        },
        {
            "file_path": "./E/r_040",
            "rotation": 0.09519977738150888,
            "time": 0.4,
            "transform_matrix": [
                [
                    0.866025447845459,
                    -0.08682408928871155,
                    -0.4924038350582123,
                    -2.218456268310547
                ],
                [
                    -0.4999999701976776,
                    -0.15038374066352844,
                    -0.8528685569763184,
                    -3.938429117202759
                ],
                [
                    2.198365933736568e-09,
                    0.9848077297210693,
                    -0.1736481934785843,
                    -0.834231436252594
                ],
                [
                    0.0,
                    0.0,
                    0.0,
                    1.0
                ]
            ]
        },
        {
            "file_path": "./E/r_041",
            "rotation": 0.09519977738150888,
            "time": 0.4,
            "transform_matrix": [
                [
                    0.866025447845459,
                    0.08682404458522797,
                    0.4924038052558899,
                    2.281116247177124
                ],
                [
                    0.49999991059303284,
                    -0.15038363635540009,
                    -0.8528686165809631,
                    -3.938429117202759
                ],
                [
                    -2.7162130322722078e-08,
                    0.9848077893257141,
                    -0.17364807426929474,
                    -0.834231436252594
                ],
                [
                    0.0,
                    0.0,
                    0.0,
                    1.0
                ]
            ]
        },
        {
            "file_path": "./E/r_042",
            "rotation": 0.09519977738150888,
            "time": 0.4,
            "transform_matrix": [
                [
                    -4.371138828673793e-08,
                    0.3420202434062958,
                    0.9396926164627075,
                    4.324771881103516
                ],
                [
                    1.0,
                    -4.99349894766965e-08,
                    6.469154811838962e-08,
                    -0.04168510437011719
                ],
                [
                    6.904935645479782e-08,
                    0.9396926164627075,
                    -0.3420202434062958,
                    -1.6035205125808716
                ],
                [
                    0.0,
                    0.0,
                    0.0,
                    1.0
                ]
            ]
        },
        {
            "file_path": "./E/r_043",
            "rotation": 0.09519977738150888,
            "time": 0.4,
            "transform_matrix": [
                [
                    -0.8660253882408142,
                    0.17100997269153595,
                    0.4698463976383209,
                    2.178050994873047
                ],
                [
                    0.5000000596046448,
                    0.2961980402469635,
                    0.8137977123260498,
                    3.6765449047088623
                ],
                [
                    -6.232696847519037e-08,
                    0.9396926760673523,
                    -0.3420200049877167,
                    -1.6035205125808716
                ],
                [
                    0.0,
                    0.0,
                    0.0,
                    1.0
                ]
            ]
        },
        {
            "file_path": "./E/r_044",
            "rotation": 0.09519977738150888,
            "time": 0.4,
            "transform_matrix": [
                [
                    -0.8660253882408142,
                    -0.17101021111011505,
