{
    "camera_angle_x": 0.6911112070083618,
    "frames": [
        {
            "file_path": "./A/r_000",
            "rotation": 0.09519977738150888,
            "time": 0.0,
            "transform_matrix": [
                [
                    -4.371138828673793e-08,
                    -0.9848077297210693,
                    0.1736481785774231,
                    0.3958873748779297
                ],
                [
                    1.0,
                    3.769927303665099e-08,
                    4.655270799958089e-07,
                    0.019062500447034836
                ],
                [
                    -4.650010794193804e-07,
                    0.1736481785774231,
                    0.9848077297210693,
                    2.2451889514923096
                ],
                [
                    0.0,
                    0.0,
                    0.0,
                    1.0
                ]
            ]
        },
        {
            "file_path": "./A/r_001",
            "rotation": 0.09519977738150888,
            "time": 0.0,
            "transform_matrix": [
                [
                    -0.8660253882408142,
                    -0.4924039840698242,
                    0.08682368695735931,
                    0.19794368743896484
                ],
                [
                    0.5000000596046448,
                    -0.8528685569763184,
                    0.15038351714611053,
                    0.36191102862358093
                ],
                [
                    -2.5418844984415045e-07,
                    0.17364779114723206,
                    0.9848078489303589,
                    2.2451889514923096
                ],
                [
                    0.0,
                    0.0,
                    0.0,
                    1.0
                ]
            ]
        },
        {
            "file_path": "./A/r_002",
            "rotation": 0.09519977738150888,
            "time": 0.0,
            "transform_matrix": [
                [
                    -0.8660253882408142,
                    0.4924039840698242,
                    -0.08682368695735931,
                    -0.19794368743896484
                ],
                [
                    -0.5000000596046448,
                    -0.8528685569763184,
                    0.15038351714611053,
                    0.36191102862358093
                ],
                [
                    2.5418844984415045e-07,
                    0.17364779114723206,
                    0.9848078489303589,
                    2.2451889514923096
                ],
                [
                    0.0,
                    0.0,
                    0.0,
                    1.0
                ]
            ]
        },
        {
            "file_path": "./A/r_003",
            "rotation": 0.09519977738150888,
            "time": 0.0,
            "transform_matrix": [
                [
                    -4.371138828673793e-08,
                    0.9848077297210693,
                    -0.1736481785774231,
                    -0.3958873748779297
                ],
                [
                    -1.0,
                    3.769927303665099e-08,
                    4.655270799958089e-07,
                    0.019062500447034836
                ],
                [
                    4.650010794193804e-07,
                    0.1736481785774231,
                    0.9848077297210693,
                    2.2451889514923096
                ],
                [
                    0.0,
                    0.0,
                    0.0,
                    1.0
                ]
            ]
        },
        {
            "file_path": "./A/r_004",
            "rotation": 0.09519977738150888,
            "time": 0.0,
            "transform_matrix": [
                [
                    0.8660253286361694,
                    0.49240392446517944,
                    -0.08682450652122498,
                    -0.19794368743896484
                ],
                [
                    -0.5000001192092896,
                    0.8528684377670288,
                    -0.15038396418094635,
                    -0.32378602027893066
                ],
                [
                    2.3157944895046967e-07,
                    0.17364858090877533,
                    0.9848076701164246,
                    2.2451889514923096
                ],
                [
                    0.0,
                    0.0,
                    0.0,
                    1.0
                ]
            ]
        },
        {
            "file_path": "./A/r_005",
            "rotation": 0.09519977738150888,
            "time": 0.0,
            "transform_matrix": [
                [
                    0.8660253286361694,
                    -0.49240392446517944,
                    0.08682450652122498,
                    0.19794368743896484
                ],
                [
                    0.5000001192092896,
                    0.8528684377670288,
                    -0.15038396418094635,
                    -0.32378602027893066
                ],
                [
                    -2.3157944895046967e-07,
                    0.17364858090877533,
                    0.9848076701164246,
                    2.2451889514923096
                ],
                [
                    0.0,
                    0.0,
                    0.0,
                    1.0
                ]
            ]
        },
        {
            "file_path": "./A/r_006",
            "rotation": 0.09519977738150888,
            "time": 0.0,
            "transform_matrix": [
                [
                    -4.371138828673793e-08,
                    -0.8660253882408142,
                    0.5,
                    1.1399122476577759
                ],
                [
                    1.0,
                    -7.856590400479035e-08,
                    -4.8657359030812586e-08,
                    0.019062500447034836
                ],
                [
                    8.142146157297248e-08,
                    0.5,
                    0.8660253882408142,
                    1.9743859767913818
                ],
                [
                    0.0,
                    0.0,
                    0.0,
                    1.0
                ]
            ]
        },
        {
            "file_path": "./A/r_007",
            "rotation": 0.09519977738150888,
            "time": 0.0,
            "transform_matrix": [
                [
                    -0.8660253882408142,
                    -0.4330126941204071,
                    0.25000008940696716,
                    0.5699561238288879
                ],
                [
                    0.5000000596046448,
                    -0.7499999403953552,
                    0.43301278352737427,
                    1.0062555074691772
                ],
                [
                    2.8362329373976536e-08,
                    0.5000001192092896,
                    0.8660253286361694,
                    1.9743859767913818
                ],
                [
                    0.0,
                    0.0,
                    0.0,
                    1.0
                ]
            ]
        },
        {
            "file_path": "./A/r_008",
            "rotation": 0.09519977738150888,
            "time": 0.0,
            "transform_matrix": [
                [
                    -0.8660253882408142,
                    0.4330126941204071,
                    -0.25000008940696716,
                    -0.5699561238288879
                ],
                [
                    -0.5000000596046448,
                    -0.7499999403953552,
                    0.43301278352737427,
                    1.0062555074691772
                ],
                [
                    -2.8362329373976536e-08,
                    0.5000001192092896,
                    0.8660253286361694,
                    1.9743859767913818
                ],
                [
                    0.0,
                    0.0,
                    0.0,
                    1.0
                ]
            ]
        },
        {
            "file_path": "./A/r_009",
            "rotation": 0.09519977738150888,
            "time": 0.0,
            "transform_matrix": [
                [
                    -4.371138828673793e-08,
                    0.8660253882408142,
                    -0.5,
                    -1.1399122476577759
                ],
                [
                    -1.0,
                    -7.856590400479035e-08,
                    -4.8657359030812586e-08,
                    0.019062500447034836
                ],
                [
                    -8.142146157297248e-08,
                    0.5,
                    0.8660253882408142,
                    1.9743859767913818
                ],
                [
                    0.0,
                    0.0,
                    0.0,
                    1.0
                ]
            ]
        },
        {
            "file_path": "./A/r_010",
            "rotation": 0.09519977738150888,
            "time": 0.0,
            "transform_matrix": [
                [
                    0.8660253882408142,
                    0.4330127537250519,
                    -0.24999995529651642,
                    -0.5699561238288879
                ],
                [
                    -0.5,
                    0.75,
                    -0.4330126941204071,
                    -0.9681304693222046
                ],
                [
                    -3.662485070776711e-08,
                    0.4999999701976776,
                    0.866025447845459,
                    1.9743859767913818
                ],
                [
                    0.0,
                    0.0,
                    0.0,
                    1.0
                ]
            ]
        },
        {
            "file_path": "./A/r_011",
            "rotation": 0.09519977738150888,
            "time": 0.0,
            "transform_matrix": [
                [
                    0.8660253882408142,
                    -0.4330127537250519,
                    0.24999995529651642,
                    0.5699561238288879
                ],
                [
                    0.5,
                    0.75,
                    -0.4330126941204071,
                    -0.9681304693222046
                ],
                [
                    3.662485070776711e-08,
                    0.4999999701976776,
                    0.866025447845459,
                    1.9743859767913818
                ],
                [
                    0.0,
                    0.0,
                    0.0,
                    1.0
                ]
            ]
        },
        {
            "file_path": "./A/r_012",
            "rotation": 0.09519977738150888,
            "time": 0.0,
            "transform_matrix": [
                [
                    -4.371138828673793e-08,
                    -0.6427876353263855,
                    0.7660444378852844,
                    1.746446967124939
                ],
                [
                    1.0,
                    -2.6125372087903997e-08,
                    3.513937585353233e-08,
                    0.019062500447034836
                ],
                [
                    -2.573959045903962e-09,
                    0.7660444378852844,
                    0.6427876353263855,
                    1.4654430150985718
                ],
                [
                    0.0,
                    0.0,
                    0.0,
                    1.0
                ]
            ]
        },
        {
            "file_path": "./A/r_013",
            "rotation": 0.09519977738150888,
            "time": 0.0,
            "transform_matrix": [
                [
                    -0.8660253882408142,
                    -0.3213938772678375,
                    0.3830222189426422,
                    0.8732234835624695
                ],
                [
                    0.5000000596046448,
                    -0.5566704273223877,
                    0.663413941860199,
                    1.5315299034118652
                ],
                [
                    -5.0316312893983195e-08,
                    0.7660443782806396,
                    0.6427876353263855,
                    1.4654430150985718
                ],
                [
                    0.0,
                    0.0,
                    0.0,
                    1.0
                ]
            ]
        },
        {
            "file_path": "./A/r_014",
            "rotation": 0.09519977738150888,
            "time": 0.0,
            "transform_matrix": [
                [
                    -0.8660253882408142,
                    0.3213938772678375,
                    -0.3830222189426422,
                    -0.8732234835624695
                ],
                [
                    -0.5000000596046448,
                    -0.5566704273223877,
                    0.663413941860199,
                    1.5315299034118652
                ],
                [
                    5.0316312893983195e-08,
                    0.7660443782806396,
                    0.6427876353263855,
                    1.4654430150985718
                ],
                [
                    0.0,
                    0.0,
                    0.0,
                    1.0
                ]
            ]
        },
        {
            "file_path": "./A/r_015",
            "rotation": 0.09519977738150888,
            "time": 0.0,
            "transform_matrix": [
                [
                    -4.371138828673793e-08,
                    0.6427876353263855,
                    -0.7660444378852844,
                    -1.746446967124939
                ],
                [
                    -1.0,
                    -2.6125372087903997e-08,
                    3.513937585353233e-08,
                    0.019062500447034836
                ],
                [
                    2.573959045903962e-09,
                    0.7660444378852844,
                    0.6427876353263855,
                    1.4654430150985718
                ],
                [
                    0.0,
                    0.0,
                    0.0,
                    1.0
                ]
            ]
        },
        {
            "file_path": "./A/r_016",
            "rotation": 0.09519977738150888,
            "time": 0.0,
            "transform_matrix": [
                [
                    0.8660253286361694,
                    0.3213937282562256,
                    -0.3830224275588989,
                    -0.8732234835624695
                ],
                [
                    -0.5000001192092896,
                    0.5566702485084534,
                    -0.6634140014648438,
                    -1.4934048652648926
                ],
                [
                    8.679381835463573e-08,
                    0.7660446166992188,
                    0.6427873969078064,
                    1.4654430150985718
                ],
                [
                    0.0,
                    0.0,
                    0.0,
                    1.0
                ]
            ]
        },
        {
            "file_path": "./A/r_017",
            "rotation": 0.09519977738150888,
            "time": 0.0,
            "transform_matrix": [
                [
                    0.8660253286361694,
                    -0.3213937282562256,
                    0.3830224275588989,
                    0.8732234835624695
                ],
                [
                    0.5000001192092896,
                    0.5566702485084534,
                    -0.6634140014648438,
                    -1.4934048652648926
                ],
                [
                    -8.679381835463573e-08,
                    0.7660446166992188,
                    0.6427873969078064,
                    1.4654430150985718
                ],
                [
                    0.0,
                    0.0,
                    0.0,
                    1.0
                ]
            ]
        },
        {
            "file_path": "./A/r_018",
            "rotation": 0.09519977738150888,
            "time": 0.0,
            "transform_matrix": [
                [
                    -4.371138828673793e-08,
                    -0.34202003479003906,
                    0.9396926760673523,
                    2.142334222793579
                ],
                [
                    1.0,
                    -1.495017087904671e-08,
                    4.107527118435428e-08,
                    0.019062500447034836
                ],
                [
                    0.0,
                    0.9396926760673523,
                    0.34202003479003906,
                    0.7797459363937378
                ],
                [
                    0.0,
                    0.0,
                    0.0,
                    1.0
                ]
            ]
        },
        {
            "file_path": "./A/r_019",
            "rotation": 0.09519977738150888,
            "time": 0.0,
            "transform_matrix": [
                [
                    -0.8660253882408142,
                    -0.1710100919008255,
                    0.46984633803367615,
                    1.0711671113967896
                ],
                [
                    0.5000000596046448,
                    -0.2961980104446411,
                    0.8137977123260498,
                    1.8743784427642822
                ],
                [
                    -6.739187341509023e-08,
                    0.9396926760673523,
                    0.34202003479003906,
                    0.7797459363937378
                ],
                [
                    0.0,
                    0.0,
                    0.0,
                    1.0
                ]
            ]
        },
        {
            "file_path": "./A/r_020",
            "rotation": 0.09519977738150888,
            "time": 0.0,
            "transform_matrix": [
                [
                    -0.8660253882408142,
                    0.1710100919008255,
                    -0.46984633803367615,
                    -1.0711671113967896
                ],
                [
                    -0.5000000596046448,
                    -0.2961980104446411,
                    0.8137977123260498,
                    1.8743784427642822
                ],
                [
                    6.739187341509023e-08,
                    0.9396926760673523,
                    0.34202003479003906,
                    0.7797459363937378
                ],
                [
                    0.0,
                    0.0,
                    0.0,
                    1.0
                ]
            ]
        },
        {
            "file_path": "./A/r_021",
            "rotation": 0.09519977738150888,
            "time": 0.0,
            "transform_matrix": [
                [
                    -4.371138828673793e-08,
                    0.34202003479003906,
                    -0.9396926760673523,
                    -2.142334222793579
                ],
                [
                    -1.0,
                    -1.495017087904671e-08,
                    4.107527118435428e-08,
                    0.019062500447034836
                ],
                [
                    0.0,
                    0.9396926760673523,
                    0.34202003479003906,
                    0.7797459363937378
                ],
                [
                    0.0,
                    0.0,
                    0.0,
                    1.0
                ]
            ]
        },
        {
            "file_path": "./A/r_022",
            "rotation": 0.09519977738150888,
            "time": 0.0,
            "transform_matrix": [
                [
                    0.8660253882408142,
                    0.17101001739501953,
                    -0.4698463976383209,
                    -1.0711671113967896
                ],
                [
                    -0.5000000596046448,
                    0.2961980402469635,
                    -0.813797652721405,
                    -1.8362534046173096
                ],
                [
                    1.986195385939027e-08,
                    0.9396926760673523,
                    0.34202003479003906,
                    0.7797459363937378
                ],
                [
                    0.0,
                    0.0,
                    0.0,
                    1.0
                ]
            ]
        },
        {
            "file_path": "./A/r_023",
            "rotation": 0.09519977738150888,
            "time": 0.0,
            "transform_matrix": [
                [
                    0.8660253882408142,
                    -0.17101001739501953,
                    0.4698463976383209,
                    1.0711671113967896
                ],
                [
                    0.5000000596046448,
                    0.2961980402469635,
                    -0.813797652721405,
                    -1.8362534046173096
                ],
                [
                    -1.986195385939027e-08,
                    0.9396926760673523,
                    0.34202003479003906,
                    0.7797459363937378
                ],
                [
                    0.0,
                    0.0,
                    0.0,
                    1.0
                ]
            ]
        },
        {
            "file_path": "./A/r_024",
            "rotation": 0.09519977738150888,
            "time": 0.0,
            "transform_matrix": [
                [
                    -1.6292068494294654e-07,
                    -0.17364798486232758,
                    0.9848077893257141,
                    2.2451889514923096
                ],
                [
                    1.0,
                    -6.008669828361235e-08,
                    1.548390997641036e-07,
                    0.019062500447034836
                ],
                [
                    3.228635492291687e-08,
                    0.9848077893257141,
                    0.17364798486232758,
                    0.3958873748779297
                ],
                [
                    0.0,
                    0.0,
                    0.0,
                    1.0
                ]
            ]
        },
        {
            "file_path": "./A/r_025",
            "rotation": 0.09519977738150888,
            "time": 0.0,
            "transform_matrix": [
                [
                    -0.8660253882408142,
                    -0.08682416379451752,
                    0.49240389466285706,
                    1.1225944757461548
                ],
                [
                    0.5000000596046448,
                    -0.1503836065530777,
                    0.8528685569763184,
                    1.9634531736373901
                ],
                [
                    -1.2322939824116474e-07,
                    0.9848077893257141,
                    0.17364810407161713,
                    0.3958873748779297
                ],
                [
                    0.0,
                    0.0,
                    0.0,
                    1.0
                ]
            ]
        },
        {
            "file_path": "./A/r_026",
            "rotation": 0.09519977738150888,
            "time": 0.0,
            "transform_matrix": [
                [
                    -0.8660253882408142,
                    0.08682416379451752,
                    -0.49240389466285706,
                    -1.1225944757461548
                ],
                [
                    -0.5000000596046448,
                    -0.1503836065530777,
                    0.8528685569763184,
                    1.9634531736373901
                ],
                [
                    1.2322939824116474e-07,
                    0.9848077893257141,
                    0.17364810407161713,
                    0.3958873748779297
                ],
                [
                    0.0,
                    0.0,
                    0.0,
                    1.0
                ]
            ]
        },
        {
            "file_path": "./A/r_027",
            "rotation": 0.09519977738150888,
            "time": 0.0,
            "transform_matrix": [
                [
                    -1.6292068494294654e-07,
                    0.17364798486232758,
                    -0.9848077893257141,
                    -2.2451889514923096
                ],
                [
                    -1.0,
                    -6.008669828361235e-08,
                    1.548390997641036e-07,
                    0.019062500447034836
                ],
                [
                    -3.228635492291687e-08,
                    0.9848077893257141,
                    0.17364798486232758,
                    0.3958873748779297
                ],
                [
                    0.0,
                    0.0,
                    0.0,
                    1.0
                ]
            ]
        },
        {
            "file_path": "./A/r_028",
            "rotation": 0.09519977738150888,
            "time": 0.0,
            "transform_matrix": [
                [
                    0.8660253882408142,
                    0.08682403713464737,
                    -0.49240389466285706,
                    -1.1225944757461548
                ],
                [
                    -0.5,
                    0.15038380026817322,
                    -0.8528684973716736,
                    -1.9253281354904175
                ],
                [
                    8.246143323731303e-08,
                    0.9848077297210693,
                    0.17364822328090668,
                    0.3958873748779297
                ],
                [
                    0.0,
                    0.0,
                    0.0,
                    1.0
                ]
            ]
        },
        {
            "file_path": "./A/r_029",
            "rotation": 0.09519977738150888,
            "time": 0.0,
            "transform_matrix": [
                [
                    0.8660253882408142,
                    -0.08682403713464737,
                    0.49240389466285706,
                    1.1225944757461548
                ],
                [
                    0.5,
                    0.15038380026817322,
                    -0.8528684973716736,
                    -1.9253281354904175
                ],
                [
                    -8.246143323731303e-08,
                    0.9848077297210693,
                    0.17364822328090668,
                    0.3958873748779297
                ],
                [
                    0.0,
                    0.0,
                    0.0,
                    1.0
                ]
            ]
        },
        {
            "file_path": "./A/r_030",
            "rotation": 0.09519977738150888,
            "time": 0.0,
            "transform_matrix": [
                [
                    -4.371138828673793e-08,
                    4.371138828673793e-08,
                    1.0,
                    2.2798244953155518
                ],
                [
                    1.0,
                    1.910685676922942e-15,
                    4.371138828673793e-08,
                    0.019062500447034836
                ],
                [
                    0.0,
                    1.0,
                    -4.371138828673793e-08,
                    0.0
                ],
                [
                    0.0,
                    0.0,
                    0.0,
                    1.0
                ]
            ]
        },
        {
            "file_path": "./A/r_031",
            "rotation": 0.09519977738150888,
            "time": 0.0,
            "transform_matrix": [
                [
                    -0.8660253882408142,
                    -4.865734837267155e-08,
                    0.5000000596046448,
                    1.1399122476577759
                ],
                [
                    0.5000000596046448,
                    7.856590400479035e-08,
                    0.8660253882408142,
                    1.9934484958648682
                ],
                [
                    -8.142145446754512e-08,
                    1.0,
                    -4.371138828673793e-08,
                    0.0
                ],
                [
                    0.0,
                    0.0,
                    0.0,
                    1.0
                ]
            ]
        },
        {
            "file_path": "./A/r_032",
            "rotation": 0.09519977738150888,
            "time": 0.0,
            "transform_matrix": [
                [
                    -0.8660253882408142,
                    4.865734837267155e-08,
                    -0.5000000596046448,
                    -1.1399122476577759
                ],
                [
                    -0.5000000596046448,
                    7.856590400479035e-08,
                    0.8660253882408142,
                    1.9934484958648682
                ],
                [
                    8.142145446754512e-08,
                    1.0,
                    -4.371138828673793e-08,
                    0.0
                ],
                [
                    0.0,
                    0.0,
                    0.0,
                    1.0
                ]
            ]
        },
        {
            "file_path": "./A/r_033",
            "rotation": 0.09519977738150888,
            "time": 0.0,
            "transform_matrix": [
                [
                    -4.371138828673793e-08,
                    -4.371138828673793e-08,
                    -1.0,
                    -2.2798244953155518
                ],
                [
                    -1.0,
                    1.910685676922942e-15,
                    4.371138828673793e-08,
                    0.019062500447034836
                ],
                [
                    0.0,
                    1.0,
                    -4.371138828673793e-08,
                    0.0
                ],
                [
                    0.0,
                    0.0,
                    0.0,
                    1.0
                ]
            ]
        },
        {
            "file_path": "./A/r_034",
            "rotation": 0.09519977738150888,
            "time": 0.0,
            "transform_matrix": [
                [
                    0.866025447845459,
                    -2.0590041671653125e-08,
                    -0.4999999701976776,
                    -1.1399122476577759
                ],
                [
                    -0.4999999701976776,
                    -3.858589892047348e-08,
                    -0.866025447845459,
                    -1.9553234577178955
                ],
                [
                    -1.4614478516250529e-09,
                    1.0,
                    -4.371138828673793e-08,
                    0.0
                ],
                [
                    0.0,
                    0.0,
                    0.0,
                    1.0
                ]
            ]
        },
        {
            "file_path": "./A/r_035",
            "rotation": 0.09519977738150888,
            "time": 0.0,
            "transform_matrix": [
                [
                    0.866025447845459,
                    2.0590041671653125e-08,
                    0.4999999701976776,
                    1.1399122476577759
                ],
                [
                    0.4999999701976776,
                    -3.858589892047348e-08,
                    -0.866025447845459,
                    -1.9553234577178955
                ],
                [
                    1.4614478516250529e-09,
                    1.0,
                    -4.371138828673793e-08,
                    0.0
                ],
                [
                    0.0,
                    0.0,
                    0.0,
                    1.0
                ]
            ]
        },
        {
            "file_path": "./A/r_036",
            "rotation": 0.09519977738150888,
            "time": 0.0,
            "transform_matrix": [
                [
                    7.549790126404332e-08,
                    0.1736481934785843,
                    0.9848077297210693,
                    2.2451889514923096
                ],
                [
                    1.0,
                    -1.311007302717826e-08,
                    -7.435091475826994e-08,
                    0.019062500447034836
                ],
                [
                    0.0,
                    0.9848077297210693,
                    -0.1736481934785843,
                    -0.3958873748779297
                ],
                [
                    0.0,
                    0.0,
                    0.0,
                    1.0
                ]
            ]
        },
        {
            "file_path": "./A/r_037",
            "rotation": 0.09519977738150888,
            "time": 0.0,
            "transform_matrix": [
                [
                    -0.8660253882408142,
                    0.08682399243116379,
                    0.49240392446517944,
                    1.1225944757461548
                ],
                [
                    0.5000000596046448,
                    0.15038380026817322,
                    0.8528684973716736,
                    1.9634531736373901
                ],
                [
                    -1.2656542480726785e-07,
                    0.9848077297210693,
                    -0.1736481934785843,
                    -0.3958873748779297
                ],
                [
                    0.0,
                    0.0,
                    0.0,
                    1.0
                ]
            ]
        },
        {
            "file_path": "./A/r_038",
            "rotation": 0.09519977738150888,
            "time": 0.0,
            "transform_matrix": [
                [
                    -0.8660253882408142,
                    -0.08682399243116379,
                    -0.49240392446517944,
                    -1.1225944757461548
                ],
                [
                    -0.5000000596046448,
                    0.15038380026817322,
                    0.8528684973716736,
                    1.9634531736373901
                ],
                [
                    1.2656542480726785e-07,
                    0.9848077297210693,
                    -0.1736481934785843,
                    -0.3958873748779297
                ],
                [
                    0.0,
                    0.0,
                    0.0,
                    1.0
                ]
            ]
        },
        {
            "file_path": "./A/r_039",
            "rotation": 0.09519977738150888,
            "time": 0.0,
            "transform_matrix": [
                [
                    7.549790126404332e-08,
                    -0.1736481934785843,
                    -0.9848077297210693,
                    -2.2451889514923096
                ],
                [
                    -1.0,
                    -1.311007302717826e-08,
                    -7.435091475826994e-08,
                    0.019062500447034836
                ],
                [
                    0.0,
                    0.9848077297210693,
                    -0.1736481934785843,
                    -0.3958873748779297
                ],
                [
                    0.0,
                    0.0,
                    0.0,
                    1.0
                ]
            ]
        },
        {
            "file_path": "./A/r_040",
            "rotation": 0.09519977738150888,
            "time": 0.0,
            "transform_matrix": [
                [
                    0.866025447845459,
                    -0.08682405203580856,
                    -0.4924038350582123,
                    -1.1225944757461548
                ],
                [
                    -0.4999999701976776,
                    -0.15038377046585083,
                    -0.8528685569763184,
                    -1.9253281354904175
                ],
                [
                    -3.8357445220071895e-08,
                    0.9848077297210693,
                    -0.1736481934785843,
                    -0.3958873748779297
                ],
                [
                    0.0,
                    0.0,
                    0.0,
                    1.0
                ]
            ]
        },
        {
            "file_path": "./A/r_041",
            "rotation": 0.09519977738150888,
            "time": 0.0,
            "transform_matrix": [
                [
                    0.866025447845459,
                    0.08682405203580856,
                    0.4924038350582123,
                    1.1225944757461548
                ],
                [
                    0.4999999701976776,
                    -0.15038377046585083,
                    -0.8528685569763184,
                    -1.9253281354904175
                ],
                [
                    3.8357445220071895e-08,
                    0.9848077297210693,
                    -0.1736481934785843,
                    -0.3958873748779297
                ],
                [
                    0.0,
                    0.0,
                    0.0,
                    1.0
                ]
            ]
        },
        {
            "file_path": "./A/r_042",
            "rotation": 0.09519977738150888,
            "time": 0.0,
            "transform_matrix": [
                [
                    -4.371138828673793e-08,
                    0.3420202434062958,
                    0.9396926164627075,
                    2.142334222793579
                ],
                [
                    1.0,
                    1.4950179760830906e-08,
                    4.10752676316406e-08,
                    0.019062500447034836
                ],
                [
                    0.0,
                    0.9396926164627075,
                    -0.3420202434062958,
                    -0.7797459363937378
                ],
                [
                    0.0,
                    0.0,
                    0.0,
                    1.0
                ]
            ]
        },
        {
            "file_path": "./A/r_043",
            "rotation": 0.09519977738150888,
            "time": 0.0,
            "transform_matrix": [
                [
                    -0.8660253882408142,
                    0.17100997269153595,
                    0.4698463976383209,
                    1.0711671113967896
                ],
                [
                    0.5000000596046448,
                    0.29619815945625305,
                    0.813797652721405,
                    1.8743784427642822
                ],
                [
                    -1.276930419180644e-07,
                    0.9396926164627075,
                    -0.3420201241970062,
                    -0.7797459363937378
                ],
                [
                    0.0,
                    0.0,
                    0.0,
                    1.0
                ]
            ]
        },
        {
            "file_path": "./A/r_044",
            "rotation": 0.09519977738150888,
            "time": 0.0,
            "transform_matrix": [
                [
                    -0.8660253882408142,
                    -0.17100997269153595,
                    -0.4698463976383209,
                    -1.0711671113967896
                ],
                [
                    -0.5000000596046448,
