{
    "camera_angle_x": 0.6911112070083618,
    "frames": [
        {
            "file_path": "./001/r_000",
            "rotation": 0.09519977738150888,
            "time": 1.0,
            "transform_matrix": [
                [
                    -4.371138828673793e-08,
                    -0.9848077297210693,
                    0.1736481934785843,
                    0.8820211291313171
                ],
                [
                    1.0,
                    3.5876560389169754e-08,
                    4.5518990532400494e-07,
                    -0.01200452446937561
                ],
                [
                    -4.545044589576719e-07,
                    0.1736481934785843,
                    0.9848077297210693,
                    4.614873886108398
                ],
                [
                    0.0,
                    0.0,
                    0.0,
                    1.0
                ]
            ]
        },
        {
            "file_path": "./001/r_001",
            "rotation": 0.09519977738150888,
            "time": 1.0,
            "transform_matrix": [
                [
                    -0.8660253882408142,
                    -0.4924039840698242,
                    0.0868237093091011,
                    0.4780755341053009
                ],
                [
                    0.5000000596046448,
                    -0.8528685569763184,
                    0.15038351714611053,
                    0.6876497864723206
                ],
                [
                    -2.365225242328961e-07,
                    0.17364780604839325,
                    0.9848077893257141,
                    4.614873886108398
                ],
                [
                    0.0,
                    0.0,
                    0.0,
                    1.0
                ]
            ]
        },
        {
            "file_path": "./001/r_002",
            "rotation": 0.09519977738150888,
            "time": 1.0,
            "transform_matrix": [
                [
                    -0.8660253882408142,
                    0.4924039840698242,
                    -0.0868237093091011,
                    -0.32981565594673157
                ],
                [
                    -0.5000000596046448,
                    -0.8528685569763184,
                    0.15038351714611053,
                    0.6876497864723206
                ],
                [
                    2.365225242328961e-07,
                    0.17364780604839325,
                    0.9848077893257141,
                    4.614873886108398
                ],
                [
                    0.0,
                    0.0,
                    0.0,
                    1.0
                ]
            ]
        },
        {
            "file_path": "./001/r_003",
            "rotation": 0.09519977738150888,
            "time": 1.0,
            "transform_matrix": [
                [
                    -4.371138828673793e-08,
                    0.9848077297210693,
                    -0.1736481934785843,
                    -0.7337612509727478
                ],
                [
                    -1.0,
                    3.5876560389169754e-08,
                    4.5518990532400494e-07,
                    -0.01200452446937561
                ],
                [
                    4.545044589576719e-07,
                    0.1736481934785843,
                    0.9848077297210693,
                    4.614873886108398
                ],
                [
                    0.0,
                    0.0,
                    0.0,
                    1.0
                ]
            ]
        },
        {
            "file_path": "./001/r_004",
            "rotation": 0.09519977738150888,
            "time": 1.0,
            "transform_matrix": [
                [
                    0.8660253286361694,
                    0.49240392446517944,
                    -0.08682449907064438,
                    -0.32981565594673157
                ],
                [
                    -0.5000001192092896,
                    0.8528684377670288,
                    -0.15038397908210754,
                    -0.7116588354110718
                ],
                [
                    2.1339877775972127e-07,
                    0.17364859580993652,
                    0.9848076701164246,
                    4.614873886108398
                ],
                [
                    0.0,
                    0.0,
                    0.0,
                    1.0
                ]
            ]
        },
        {
            "file_path": "./001/r_005",
            "rotation": 0.09519977738150888,
            "time": 1.0,
            "transform_matrix": [
                [
                    0.8660253286361694,
                    -0.49240392446517944,
                    0.08682449907064438,
                    0.4780755341053009
                ],
                [
                    0.5000001192092896,
                    0.8528684377670288,
                    -0.15038397908210754,
                    -0.7116588354110718
                ],
                [
                    -2.1339877775972127e-07,
                    0.17364859580993652,
                    0.9848076701164246,
                    4.614873886108398
                ],
                [
                    0.0,
                    0.0,
                    0.0,
                    1.0
                ]
            ]
        },
        {
            "file_path": "./001/r_006",
            "rotation": 0.09519977738150888,
            "time": 1.0,
            "transform_matrix": [
                [
                    -4.371138828673793e-08,
                    -0.8660253882408142,
                    0.5,
                    2.400359869003296
                ],
                [
                    1.0,
                    -7.929662615424604e-08,
                    -4.992300617345791e-08,
                    -0.01200452446937561
                ],
                [
                    8.288290587188385e-08,
                    0.5,
                    0.8660253882408142,
                    4.062243938446045
                ],
                [
                    0.0,
                    0.0,
                    0.0,
                    1.0
                ]
            ]
        },
        {
            "file_path": "./001/r_007",
            "rotation": 0.09519977738150888,
            "time": 1.0,
            "transform_matrix": [
                [
                    -0.8660253882408142,
                    -0.4330127239227295,
                    0.2500000596046448,
                    1.237244963645935
                ],
                [
                    0.5000000596046448,
                    -0.7499999403953552,
                    0.4330127537250519,
                    2.0025696754455566
                ],
                [
                    -4.362883387898364e-09,
                    0.5000000596046448,
                    0.8660253882408142,
                    4.062243938446045
                ],
                [
                    0.0,
                    0.0,
                    0.0,
                    1.0
                ]
            ]
        },
        {
            "file_path": "./001/r_008",
            "rotation": 0.09519977738150888,
            "time": 1.0,
            "transform_matrix": [
                [
                    -0.8660253882408142,
                    0.4330127239227295,
                    -0.2500000596046448,
                    -1.0889850854873657
                ],
                [
                    -0.5000000596046448,
                    -0.7499999403953552,
                    0.4330127537250519,
                    2.0025696754455566
                ],
                [
                    4.362883387898364e-09,
                    0.5000000596046448,
                    0.8660253882408142,
                    4.062243938446045
                ],
                [
                    0.0,
                    0.0,
                    0.0,
                    1.0
                ]
            ]
        },
        {
            "file_path": "./001/r_009",
            "rotation": 0.09519977738150888,
            "time": 1.0,
            "transform_matrix": [
                [
                    -4.371138828673793e-08,
                    0.8660253882408142,
                    -0.5,
                    -2.2520999908447266
                ],
                [
                    -1.0,
                    -7.929662615424604e-08,
                    -4.992300617345791e-08,
                    -0.01200452446937561
                ],
                [
                    -8.288290587188385e-08,
                    0.5,
                    0.8660253882408142,
                    4.062243938446045
                ],
                [
                    0.0,
                    0.0,
                    0.0,
                    1.0
                ]
            ]
        },
        {
            "file_path": "./001/r_010",
            "rotation": 0.09519977738150888,
            "time": 1.0,
            "transform_matrix": [
                [
                    0.8660253286361694,
                    0.43301287293434143,
                    -0.24999992549419403,
                    -1.0889850854873657
                ],
                [
                    -0.5000001192092896,
                    0.7499999403953552,
                    -0.43301263451576233,
                    -2.026578664779663
                ],
                [
                    -1.1205718664086817e-07,
                    0.49999991059303284,
                    0.866025447845459,
                    4.062243938446045
                ],
                [
                    0.0,
                    0.0,
                    0.0,
                    1.0
                ]
            ]
        },
        {
            "file_path": "./001/r_011",
            "rotation": 0.09519977738150888,
            "time": 1.0,
            "transform_matrix": [
                [
                    0.8660253286361694,
                    -0.43301287293434143,
                    0.24999992549419403,
                    1.237244963645935
                ],
                [
                    0.5000001192092896,
                    0.7499999403953552,
                    -0.43301263451576233,
                    -2.026578664779663
                ],
                [
                    1.1205718664086817e-07,
                    0.49999991059303284,
                    0.866025447845459,
                    4.062243938446045
                ],
                [
                    0.0,
                    0.0,
                    0.0,
                    1.0
                ]
            ]
        },
        {
            "file_path": "./001/r_012",
            "rotation": 0.09519977738150888,
            "time": 1.0,
            "transform_matrix": [
                [
                    7.549790126404332e-08,
                    -0.6427875757217407,
                    0.7660444974899292,
                    3.6381211280822754
                ],
                [
                    1.0,
                    -6.851641387584095e-08,
                    -1.5604759084908437e-07,
                    -0.01200452446937561
                ],
                [
                    1.527920687749429e-07,
                    0.7660444974899292,
                    0.6427875757217407,
                    3.023638963699341
                ],
                [
                    0.0,
                    0.0,
                    0.0,
                    1.0
                ]
            ]
        },
        {
            "file_path": "./001/r_013",
            "rotation": 0.09519977738150888,
            "time": 1.0,
            "transform_matrix": [
                [
                    -0.8660253882408142,
                    -0.321393758058548,
                    0.3830223083496094,
                    1.8561254739761353
                ],
                [
                    0.5000000596046448,
                    -0.5566701889038086,
                    0.6634140610694885,
                    3.0745022296905518
                ],
                [
                    -1.6680537839874887e-08,
                    0.7660446166992188,
                    0.6427873969078064,
                    3.023638963699341
                ],
                [
                    0.0,
                    0.0,
                    0.0,
                    1.0
                ]
            ]
        },
        {
            "file_path": "./001/r_014",
            "rotation": 0.09519977738150888,
            "time": 1.0,
            "transform_matrix": [
                [
                    -0.8660253882408142,
                    0.321393758058548,
                    -0.3830223083496094,
                    -1.707865595817566
                ],
                [
                    -0.5000000596046448,
                    -0.5566701889038086,
                    0.6634140610694885,
                    3.0745022296905518
                ],
                [
                    1.6680537839874887e-08,
                    0.7660446166992188,
                    0.6427873969078064,
                    3.023638963699341
                ],
                [
                    0.0,
                    0.0,
                    0.0,
                    1.0
                ]
            ]
        },
        {
            "file_path": "./001/r_015",
            "rotation": 0.09519977738150888,
            "time": 1.0,
            "transform_matrix": [
                [
                    7.549790126404332e-08,
                    0.6427875757217407,
                    -0.7660444974899292,
                    -3.489861249923706
                ],
                [
                    -1.0,
                    -6.851641387584095e-08,
                    -1.5604759084908437e-07,
                    -0.01200452446937561
                ],
                [
                    -1.527920687749429e-07,
                    0.7660444974899292,
                    0.6427875757217407,
                    3.023638963699341
                ],
                [
                    0.0,
                    0.0,
                    0.0,
                    1.0
                ]
            ]
        },
        {
            "file_path": "./001/r_016",
            "rotation": 0.09519977738150888,
            "time": 1.0,
            "transform_matrix": [
                [
                    0.866025447845459,
                    0.32139378786087036,
                    -0.3830221891403198,
                    -1.707865595817566
                ],
                [
                    -0.4999999701976776,
                    0.5566704273223877,
                    -0.6634140014648438,
                    -3.0985114574432373
                ],
                [
                    -1.6507872402371504e-08,
                    0.7660444378852844,
                    0.6427876353263855,
                    3.023638963699341
                ],
                [
                    0.0,
                    0.0,
                    0.0,
                    1.0
                ]
            ]
        },
        {
            "file_path": "./001/r_017",
            "rotation": 0.09519977738150888,
            "time": 1.0,
            "transform_matrix": [
                [
                    0.866025447845459,
                    -0.32139378786087036,
                    0.3830221891403198,
                    1.8561254739761353
                ],
                [
                    0.4999999701976776,
                    0.5566704273223877,
                    -0.6634140014648438,
                    -3.0985114574432373
                ],
                [
                    1.6507872402371504e-08,
                    0.7660444378852844,
                    0.6427876353263855,
                    3.023638963699341
                ],
                [
                    0.0,
                    0.0,
                    0.0,
                    1.0
                ]
            ]
        },
        {
            "file_path": "./001/r_018",
            "rotation": 0.09519977738150888,
            "time": 1.0,
            "transform_matrix": [
                [
                    7.549790126404332e-08,
                    -0.34202027320861816,
                    0.9396925568580627,
                    4.446012020111084
                ],
                [
                    1.0,
                    -1.9611272605857266e-08,
                    -8.748111213208176e-08,
                    -0.01200452446937561
                ],
                [
                    4.834888045479602e-08,
                    0.9396925568580627,
                    0.34202027320861816,
                    1.6243304014205933
                ],
                [
                    0.0,
                    0.0,
                    0.0,
                    1.0
                ]
            ]
        },
        {
            "file_path": "./001/r_019",
            "rotation": 0.09519977738150888,
            "time": 1.0,
            "transform_matrix": [
                [
                    -0.8660253882408142,
                    -0.17101015150547028,
                    0.46984633803367615,
                    2.260071039199829
                ],
                [
                    0.5000000596046448,
                    -0.2961982190608978,
                    0.8137975931167603,
                    3.7741565704345703
                ],
                [
                    -2.025812628758672e-09,
                    0.9396925568580627,
                    0.34202027320861816,
                    1.6243304014205933
                ],
                [
                    0.0,
                    0.0,
                    0.0,
                    1.0
                ]
            ]
        },
        {
            "file_path": "./001/r_020",
            "rotation": 0.09519977738150888,
            "time": 1.0,
            "transform_matrix": [
                [
                    -0.8660253882408142,
                    0.17101015150547028,
                    -0.46984633803367615,
                    -2.1118111610412598
                ],
                [
                    -0.5000000596046448,
                    -0.2961982190608978,
                    0.8137975931167603,
                    3.7741565704345703
                ],
                [
                    2.025812628758672e-09,
                    0.9396925568580627,
                    0.34202027320861816,
                    1.6243304014205933
                ],
                [
                    0.0,
                    0.0,
                    0.0,
                    1.0
                ]
            ]
        },
        {
            "file_path": "./001/r_021",
            "rotation": 0.09519977738150888,
            "time": 1.0,
            "transform_matrix": [
                [
                    -4.371138828673793e-08,
                    0.34202003479003906,
                    -0.9396926760673523,
                    -4.297752380371094
                ],
                [
                    -1.0,
                    -1.495017087904671e-08,
                    4.107527118435428e-08,
                    -0.01200452446937561
                ],
                [
                    0.0,
                    0.9396926760673523,
                    0.34202003479003906,
                    1.6243304014205933
                ],
                [
                    0.0,
                    0.0,
                    0.0,
                    1.0
                ]
            ]
        },
        {
            "file_path": "./001/r_022",
            "rotation": 0.09519977738150888,
            "time": 1.0,
            "transform_matrix": [
                [
                    0.8660253882408142,
                    0.17101001739501953,
                    -0.4698463976383209,
                    -2.1118111610412598
                ],
                [
                    -0.5000000596046448,
                    0.2961980402469635,
                    -0.813797652721405,
                    -3.7981655597686768
                ],
                [
                    2.6931296304155694e-08,
                    0.9396926760673523,
                    0.34202003479003906,
                    1.6243304014205933
                ],
                [
                    0.0,
                    0.0,
                    0.0,
                    1.0
                ]
            ]
        },
        {
            "file_path": "./001/r_023",
            "rotation": 0.09519977738150888,
            "time": 1.0,
            "transform_matrix": [
                [
                    0.8660253882408142,
                    -0.17101001739501953,
                    0.4698463976383209,
                    2.260071039199829
                ],
                [
                    0.5000000596046448,
                    0.2961980402469635,
                    -0.813797652721405,
                    -3.7981655597686768
                ],
                [
                    -2.6931296304155694e-08,
                    0.9396926760673523,
                    0.34202003479003906,
                    1.6243304014205933
                ],
                [
                    0.0,
                    0.0,
                    0.0,
                    1.0
                ]
            ]
        },
        {
            "file_path": "./001/r_024",
            "rotation": 0.09519977738150888,
            "time": 1.0,
            "transform_matrix": [
                [
                    -1.6292068494294654e-07,
                    -0.17364798486232758,
                    0.9848077893257141,
                    4.655908584594727
                ],
                [
                    1.0,
                    -6.008669828361235e-08,
                    1.548390997641036e-07,
                    -0.01200452446937561
                ],
                [
                    3.228635492291687e-08,
                    0.9848077893257141,
                    0.17364798486232758,
                    0.8409865498542786
                ],
                [
                    0.0,
                    0.0,
                    0.0,
                    1.0
                ]
            ]
        },
        {
            "file_path": "./001/r_025",
            "rotation": 0.09519977738150888,
            "time": 1.0,
            "transform_matrix": [
                [
                    -0.8660253882408142,
                    -0.0868241935968399,
                    0.49240389466285706,
                    2.3650193214416504
                ],
                [
                    0.5000000596046448,
                    -0.1503835767507553,
                    0.8528685569763184,
                    3.955932140350342
                ],
                [
                    -1.624567005364952e-07,
                    0.9848077893257141,
                    0.17364810407161713,
                    0.8409865498542786
                ],
                [
                    0.0,
                    0.0,
                    0.0,
                    1.0
                ]
            ]
        },
        {
            "file_path": "./001/r_026",
            "rotation": 0.09519977738150888,
            "time": 1.0,
            "transform_matrix": [
                [
                    -0.8660253882408142,
                    0.0868241935968399,
                    -0.49240389466285706,
                    -2.216759443283081
                ],
                [
                    -0.5000000596046448,
                    -0.1503835767507553,
                    0.8528685569763184,
                    3.955932140350342
                ],
                [
                    1.624567005364952e-07,
                    0.9848077893257141,
                    0.17364810407161713,
                    0.8409865498542786
                ],
                [
                    0.0,
                    0.0,
                    0.0,
                    1.0
                ]
            ]
        },
        {
            "file_path": "./001/r_027",
            "rotation": 0.09519977738150888,
            "time": 1.0,
            "transform_matrix": [
                [
                    -1.6292068494294654e-07,
                    0.17364798486232758,
                    -0.9848077893257141,
                    -4.507648468017578
                ],
                [
                    -1.0,
                    -6.008669828361235e-08,
                    1.548390997641036e-07,
                    -0.01200452446937561
                ],
                [
                    -3.228635492291687e-08,
                    0.9848077893257141,
                    0.17364798486232758,
                    0.8409865498542786
                ],
                [
                    0.0,
                    0.0,
                    0.0,
                    1.0
                ]
            ]
        },
        {
            "file_path": "./001/r_028",
            "rotation": 0.09519977738150888,
            "time": 1.0,
            "transform_matrix": [
                [
                    0.8660253882408142,
                    0.08682404458522797,
                    -0.49240395426750183,
                    -2.216759443283081
                ],
                [
                    -0.5000000596046448,
                    0.15038380026817322,
                    -0.8528684973716736,
                    -3.9799411296844482
                ],
                [
                    8.600960654803202e-08,
                    0.9848077297210693,
                    0.17364822328090668,
                    0.8409865498542786
                ],
                [
                    0.0,
                    0.0,
                    0.0,
                    1.0
                ]
            ]
        },
        {
            "file_path": "./001/r_029",
            "rotation": 0.09519977738150888,
            "time": 1.0,
            "transform_matrix": [
                [
                    0.8660253882408142,
                    -0.08682404458522797,
                    0.49240395426750183,
                    2.3650193214416504
                ],
                [
                    0.5000000596046448,
                    0.15038380026817322,
                    -0.8528684973716736,
                    -3.9799411296844482
                ],
                [
                    -8.600960654803202e-08,
                    0.9848077297210693,
                    0.17364822328090668,
                    0.8409865498542786
                ],
                [
                    0.0,
                    0.0,
                    0.0,
                    1.0
                ]
            ]
        },
        {
            "file_path": "./001/r_030",
            "rotation": 0.09519977738150888,
            "time": 1.0,
            "transform_matrix": [
                [
                    -1.6292068494294654e-07,
                    1.6292069915380125e-07,
                    1.0,
                    4.726589679718018
                ],
                [
                    1.0,
                    -1.192092469182171e-07,
                    1.6292069915380125e-07,
                    -0.01200452446937561
                ],
                [
                    1.1920927533992653e-07,
                    1.0,
                    -1.6292068494294654e-07,
                    0.0330953449010849
                ],
                [
                    0.0,
                    0.0,
                    0.0,
                    1.0
                ]
            ]
        },
        {
            "file_path": "./001/r_031",
            "rotation": 0.09519977738150888,
            "time": 1.0,
            "transform_matrix": [
                [
                    -0.8660253882408142,
                    -8.5179529207835e-08,
                    0.5000000596046448,
                    2.400359869003296
                ],
                [
                    0.5000000596046448,
                    9.965199865291652e-08,
                    0.8660253882408142,
                    4.017144203186035
                ],
                [
                    -1.235936366583701e-07,
                    1.0,
                    -4.371138828673793e-08,
                    0.0330953449010849
                ],
                [
                    0.0,
                    0.0,
                    0.0,
                    1.0
                ]
            ]
        },
        {
            "file_path": "./001/r_032",
            "rotation": 0.09519977738150888,
            "time": 1.0,
            "transform_matrix": [
                [
                    -0.8660253882408142,
                    8.5179529207835e-08,
                    -0.5000000596046448,
                    -2.2520999908447266
                ],
                [
                    -0.5000000596046448,
                    9.965199865291652e-08,
                    0.8660253882408142,
                    4.017144203186035
                ],
                [
                    1.235936366583701e-07,
                    1.0,
                    -4.371138828673793e-08,
                    0.0330953449010849
                ],
                [
                    0.0,
                    0.0,
                    0.0,
                    1.0
                ]
            ]
        },
        {
            "file_path": "./001/r_033",
            "rotation": 0.09519977738150888,
            "time": 1.0,
            "transform_matrix": [
                [
                    -4.371138828673793e-08,
                    -1.6292068494294654e-07,
                    -1.0,
                    -4.578330039978027
                ],
                [
                    -1.0,
                    -5.960463056453591e-08,
                    4.3711398944878965e-08,
                    -0.01200452446937561
                ],
                [
                    -5.960463766996327e-08,
                    1.0,
                    -1.6292068494294654e-07,
                    0.0330953449010849
                ],
                [
                    0.0,
                    0.0,
                    0.0,
                    1.0
                ]
            ]
        },
        {
            "file_path": "./001/r_034",
            "rotation": 0.09519977738150888,
            "time": 1.0,
            "transform_matrix": [
                [
                    0.866025447845459,
                    3.102909928998088e-08,
                    -0.4999999701976776,
                    -2.2520999908447266
                ],
                [
                    -0.4999999701976776,
                    -6.838821775545512e-08,
                    -0.866025447845459,
                    -4.0411529541015625
                ],
                [
                    -6.106609617972936e-08,
                    1.0,
                    -4.371138828673793e-08,
                    0.0330953449010849
                ],
                [
                    0.0,
                    0.0,
                    0.0,
                    1.0
                ]
            ]
        },
        {
            "file_path": "./001/r_035",
            "rotation": 0.09519977738150888,
            "time": 1.0,
            "transform_matrix": [
                [
                    0.866025447845459,
                    -3.102909928998088e-08,
                    0.4999999701976776,
                    2.400359869003296
                ],
                [
                    0.4999999701976776,
                    -6.838821775545512e-08,
                    -0.866025447845459,
                    -4.0411529541015625
                ],
                [
                    6.106609617972936e-08,
                    1.0,
                    -4.371138828673793e-08,
                    0.0330953449010849
                ],
                [
                    0.0,
                    0.0,
                    0.0,
                    1.0
                ]
            ]
        },
        {
            "file_path": "./001/r_036",
            "rotation": 0.09519977738150888,
            "time": 1.0,
            "transform_matrix": [
                [
                    7.549790126404332e-08,
                    0.1736481934785843,
                    0.9848077297210693,
                    4.655908584594727
                ],
                [
                    1.0,
                    -1.311007302717826e-08,
                    -7.435091475826994e-08,
                    -0.01200452446937561
                ],
                [
                    0.0,
                    0.9848077297210693,
                    -0.1736481934785843,
                    -0.7747958302497864
                ],
                [
                    0.0,
                    0.0,
                    0.0,
                    1.0
                ]
            ]
        },
        {
            "file_path": "./001/r_037",
            "rotation": 0.09519977738150888,
            "time": 1.0,
            "transform_matrix": [
                [
                    -0.8660253882408142,
                    0.08682394027709961,
                    0.49240395426750183,
                    2.3650193214416504
                ],
                [
                    0.5000000596046448,
                    0.15038369596004486,
                    0.8528684973716736,
                    3.955932140350342
                ],
                [
                    -1.1655730958182176e-07,
                    0.9848077893257141,
                    -0.17364807426929474,
                    -0.7747958302497864
                ],
                [
                    0.0,
                    0.0,
                    0.0,
                    1.0
                ]
            ]
        },
        {
            "file_path": "./001/r_038",
            "rotation": 0.09519977738150888,
            "time": 1.0,
            "transform_matrix": [
                [
                    -0.8660253882408142,
                    -0.08682394027709961,
                    -0.49240395426750183,
                    -2.216759443283081
                ],
                [
                    -0.5000000596046448,
                    0.15038369596004486,
                    0.8528684973716736,
                    3.955932140350342
                ],
                [
                    1.1655730958182176e-07,
                    0.9848077893257141,
                    -0.17364807426929474,
                    -0.7747958302497864
                ],
                [
                    0.0,
                    0.0,
                    0.0,
                    1.0
                ]
            ]
        },
        {
            "file_path": "./001/r_039",
            "rotation": 0.09519977738150888,
            "time": 1.0,
            "transform_matrix": [
                [
                    7.549790126404332e-08,
                    -0.1736481934785843,
                    -0.9848077297210693,
                    -4.507648468017578
                ],
                [
                    -1.0,
                    -1.311007302717826e-08,
                    -7.435091475826994e-08,
                    -0.01200452446937561
                ],
                [
                    0.0,
                    0.9848077297210693,
                    -0.1736481934785843,
                    -0.7747958302497864
                ],
                [
                    0.0,
                    0.0,
                    0.0,
                    1.0
                ]
            ]
        },
        {
            "file_path": "./001/r_040",
            "rotation": 0.09519977738150888,
            "time": 1.0,
            "transform_matrix": [
                [
                    0.866025447845459,
                    -0.08682405203580856,
                    -0.4924038350582123,
                    -2.216759443283081
                ],
                [
                    -0.4999999701976776,
                    -0.15038377046585083,
                    -0.8528685569763184,
                    -3.9799411296844482
                ],
                [
                    -3.8357445220071895e-08,
                    0.9848077297210693,
                    -0.1736481934785843,
                    -0.7747958302497864
                ],
                [
                    0.0,
                    0.0,
                    0.0,
                    1.0
                ]
            ]
        },
        {
            "file_path": "./001/r_041",
            "rotation": 0.09519977738150888,
            "time": 1.0,
            "transform_matrix": [
                [
                    0.866025447845459,
                    0.08682405203580856,
                    0.4924038350582123,
                    2.3650193214416504
                ],
                [
                    0.4999999701976776,
                    -0.15038377046585083,
                    -0.8528685569763184,
                    -3.9799411296844482
                ],
                [
                    3.8357445220071895e-08,
                    0.9848077297210693,
                    -0.1736481934785843,
                    -0.7747958302497864
                ],
                [
                    0.0,
                    0.0,
                    0.0,
                    1.0
                ]
            ]
        },
        {
            "file_path": "./001/r_042",
            "rotation": 0.09519977738150888,
            "time": 1.0,
            "transform_matrix": [
                [
                    -4.371138828673793e-08,
                    0.3420202434062958,
                    0.9396926164627075,
                    4.446012020111084
                ],
                [
                    1.0,
                    -4.99349894766965e-08,
                    6.469154811838962e-08,
                    -0.01200452446937561
                ],
                [
                    6.904935645479782e-08,
                    0.9396926164627075,
                    -0.3420202434062958,
                    -1.558139681816101
                ],
                [
                    0.0,
                    0.0,
                    0.0,
                    1.0
                ]
            ]
        },
        {
            "file_path": "./001/r_043",
            "rotation": 0.09519977738150888,
            "time": 1.0,
            "transform_matrix": [
                [
                    -0.8660255074501038,
                    0.17100997269153595,
                    0.4698461592197418,
                    2.260071039199829
                ],
                [
                    0.4999998211860657,
                    0.2961982786655426,
                    0.8137977123260498,
                    3.7741565704345703
                ],
                [
                    -1.1067399441344605e-07,
                    0.9396926164627075,
                    -0.3420202434062958,
                    -1.558139681816101
                ],
                [
                    0.0,
                    0.0,
                    0.0,
                    1.0
                ]
            ]
        },
        {
            "file_path": "./001/r_044",
            "rotation": 0.09519977738150888,
            "time": 1.0,
