{
    "camera_angle_x": 0.691111147403717,
    "frames": [
        {
            "file_path": "./C/r_000",
            "rotation": 0.09519977738150888,
            "time": 0.2,
            "transform_matrix": [
                [
                    -4.371138828673793e-08,
                    -0.9848077297210693,
                    0.17364820837974548,
                    0.8031234741210938
                ],
                [
                    1.0,
                    -1.9898955372354976e-08,
                    1.3887125760447816e-07,
                    -0.03714987635612488
                ],
                [
                    -1.3330607373518433e-07,
                    0.17364820837974548,
                    0.9848077297210693,
                    4.512714862823486
                ],
                [
                    0.0,
                    0.0,
                    0.0,
                    1.0
                ]
            ]
        },
        {
            "file_path": "./C/r_001",
            "rotation": 0.09519977738150888,
            "time": 0.2,
            "transform_matrix": [
                [
                    -0.8660253882408142,
                    -0.49240392446517944,
                    0.08682399988174438,
                    0.40582165122032166
                ],
                [
                    0.5000000596046448,
                    -0.8528684973716736,
                    0.15038369596004486,
                    0.6509970426559448
                ],
                [
                    -6.696284060581092e-08,
                    0.17364810407161713,
                    0.9848077893257141,
                    4.512714862823486
                ],
                [
                    0.0,
                    0.0,
                    0.0,
                    1.0
                ]
            ]
        },
        {
            "file_path": "./C/r_002",
            "rotation": 0.09519977738150888,
            "time": 0.2,
            "transform_matrix": [
                [
                    -0.8660253882408142,
                    0.49240392446517944,
                    -0.08682399988174438,
                    -0.38878193497657776
                ],
                [
                    -0.5000000596046448,
                    -0.8528684973716736,
                    0.15038369596004486,
                    0.6509970426559448
                ],
                [
                    6.696284060581092e-08,
                    0.17364810407161713,
                    0.9848077893257141,
                    4.512714862823486
                ],
                [
                    0.0,
                    0.0,
                    0.0,
                    1.0
                ]
            ]
        },
        {
            "file_path": "./C/r_003",
            "rotation": 0.09519977738150888,
            "time": 0.2,
            "transform_matrix": [
                [
                    -4.371138828673793e-08,
                    0.9848077297210693,
                    -0.17364820837974548,
                    -0.7860837578773499
                ],
                [
                    -1.0,
                    -1.9898955372354976e-08,
                    1.3887125760447816e-07,
                    -0.03714987635612488
                ],
                [
                    1.3330607373518433e-07,
                    0.17364820837974548,
                    0.9848077297210693,
                    4.512714862823486
                ],
                [
                    0.0,
                    0.0,
                    0.0,
                    1.0
                ]
            ]
        },
        {
            "file_path": "./C/r_004",
            "rotation": 0.09519977738150888,
            "time": 0.2,
            "transform_matrix": [
                [
                    0.8660253882408142,
                    0.49240392446517944,
                    -0.08682422339916229,
                    -0.38878193497657776
                ],
                [
                    -0.5000000596046448,
                    0.8528684973716736,
                    -0.1503838300704956,
                    -0.7252967953681946
                ],
                [
                    5.64871527330979e-08,
                    0.17364832758903503,
                    0.9848077297210693,
                    4.512714862823486
                ],
                [
                    0.0,
                    0.0,
                    0.0,
                    1.0
                ]
            ]
        },
        {
            "file_path": "./C/r_005",
            "rotation": 0.09519977738150888,
            "time": 0.2,
            "transform_matrix": [
                [
                    0.8660253882408142,
                    -0.49240392446517944,
                    0.08682422339916229,
                    0.40582165122032166
                ],
                [
                    0.5000000596046448,
                    0.8528684973716736,
                    -0.1503838300704956,
                    -0.7252967953681946
                ],
                [
                    -5.64871527330979e-08,
                    0.17364832758903503,
                    0.9848077297210693,
                    4.512714862823486
                ],
                [
                    0.0,
                    0.0,
                    0.0,
                    1.0
                ]
            ]
        },
        {
            "file_path": "./C/r_006",
            "rotation": 0.09519977738150888,
            "time": 0.2,
            "transform_matrix": [
                [
                    7.549790126404332e-08,
                    -0.8660253882408142,
                    0.5,
                    2.296489715576172
                ],
                [
                    1.0,
                    2.540309296250598e-08,
                    -1.0699635311084421e-07,
                    -0.03714987635612488
                ],
                [
                    7.996001016863374e-08,
                    0.5,
                    0.8660253882408142,
                    3.9691741466522217
                ],
                [
                    0.0,
                    0.0,
                    0.0,
                    1.0
                ]
            ]
        },
        {
            "file_path": "./C/r_007",
            "rotation": 0.09519977738150888,
            "time": 0.2,
            "transform_matrix": [
                [
                    -0.8660253882408142,
                    -0.4330127239227295,
                    0.2500000596046448,
                    1.152504801750183
                ],
                [
                    0.5000000596046448,
                    -0.7499999403953552,
                    0.4330127537250519,
                    1.9442901611328125
                ],
                [
                    5.563868810121164e-10,
                    0.5000000596046448,
                    0.8660253882408142,
                    3.9691741466522217
                ],
                [
                    0.0,
                    0.0,
                    0.0,
                    1.0
                ]
            ]
        },
        {
            "file_path": "./C/r_008",
            "rotation": 0.09519977738150888,
            "time": 0.2,
            "transform_matrix": [
                [
                    -0.8660253882408142,
                    0.4330127239227295,
                    -0.2500000596046448,
                    -1.1354650259017944
                ],
                [
                    -0.5000000596046448,
                    -0.7499999403953552,
                    0.4330127537250519,
                    1.9442901611328125
                ],
                [
                    -5.563868810121164e-10,
                    0.5000000596046448,
                    0.8660253882408142,
                    3.9691741466522217
                ],
                [
                    0.0,
                    0.0,
                    0.0,
                    1.0
                ]
            ]
        },
        {
            "file_path": "./C/r_009",
            "rotation": 0.09519977738150888,
            "time": 0.2,
            "transform_matrix": [
                [
                    7.549790126404332e-08,
                    0.8660253882408142,
                    -0.5,
                    -2.279449939727783
                ],
                [
                    -1.0,
                    2.540309296250598e-08,
                    -1.0699635311084421e-07,
                    -0.03714987635612488
                ],
                [
                    -7.996001016863374e-08,
                    0.5,
                    0.8660253882408142,
                    3.9691741466522217
                ],
                [
                    0.0,
                    0.0,
                    0.0,
                    1.0
                ]
            ]
        },
        {
            "file_path": "./C/r_010",
            "rotation": 0.09519977738150888,
            "time": 0.2,
            "transform_matrix": [
                [
                    0.8660253882408142,
                    0.4330127537250519,
                    -0.24999995529651642,
                    -1.1354650259017944
                ],
                [
                    -0.5,
                    0.75,
                    -0.4330126941204071,
                    -2.018589973449707
                ],
                [
                    -3.662485070776711e-08,
                    0.4999999701976776,
                    0.866025447845459,
                    3.9691741466522217
                ],
                [
                    0.0,
                    0.0,
                    0.0,
                    1.0
                ]
            ]
        },
        {
            "file_path": "./C/r_011",
            "rotation": 0.09519977738150888,
            "time": 0.2,
            "transform_matrix": [
                [
                    0.8660253882408142,
                    -0.4330127537250519,
                    0.24999995529651642,
                    1.152504801750183
                ],
                [
                    0.5,
                    0.75,
                    -0.4330126941204071,
                    -2.018589973449707
                ],
                [
                    3.662485070776711e-08,
                    0.4999999701976776,
                    0.866025447845459,
                    3.9691741466522217
                ],
                [
                    0.0,
                    0.0,
                    0.0,
                    1.0
                ]
            ]
        },
        {
            "file_path": "./C/r_012",
            "rotation": 0.09519977738150888,
            "time": 0.2,
            "transform_matrix": [
                [
                    -4.371138828673793e-08,
                    -0.6427876353263855,
                    0.7660444378852844,
                    3.5138931274414062
                ],
                [
                    1.0,
                    -5.735851971166994e-08,
                    8.931655415267414e-09,
                    -0.03714987635612488
                ],
                [
                    3.819801719373572e-08,
                    0.7660444378852844,
                    0.6427876353263855,
                    2.9476513862609863
                ],
                [
                    0.0,
                    0.0,
                    0.0,
                    1.0
                ]
            ]
        },
        {
            "file_path": "./C/r_013",
            "rotation": 0.09519977738150888,
            "time": 0.2,
            "transform_matrix": [
                [
                    -0.8660253882408142,
                    -0.3213937282562256,
                    0.38302233815193176,
                    1.7612065076828003
                ],
                [
                    0.5000000596046448,
                    -0.5566701889038086,
                    0.6634141206741333,
                    2.9985923767089844
                ],
                [
                    -1.8496137954571168e-08,
                    0.7660446166992188,
                    0.6427873969078064,
                    2.9476513862609863
                ],
                [
                    0.0,
                    0.0,
                    0.0,
                    1.0
                ]
            ]
        },
        {
            "file_path": "./C/r_014",
            "rotation": 0.09519977738150888,
            "time": 0.2,
            "transform_matrix": [
                [
                    -0.8660253882408142,
                    0.3213937282562256,
                    -0.38302233815193176,
                    -1.7441667318344116
                ],
                [
                    -0.5000000596046448,
                    -0.5566701889038086,
                    0.6634141206741333,
                    2.9985923767089844
                ],
                [
                    1.8496137954571168e-08,
                    0.7660446166992188,
                    0.6427873969078064,
                    2.9476513862609863
                ],
                [
                    0.0,
                    0.0,
                    0.0,
                    1.0
                ]
            ]
        },
        {
            "file_path": "./C/r_015",
            "rotation": 0.09519977738150888,
            "time": 0.2,
            "transform_matrix": [
                [
                    -4.371138828673793e-08,
                    0.6427876353263855,
                    -0.7660444378852844,
                    -3.4968533515930176
                ],
                [
                    -1.0,
                    -5.735851971166994e-08,
                    8.931655415267414e-09,
                    -0.03714987635612488
                ],
                [
                    -3.819801719373572e-08,
                    0.7660444378852844,
                    0.6427876353263855,
                    2.9476513862609863
                ],
                [
                    0.0,
                    0.0,
                    0.0,
                    1.0
                ]
            ]
        },
        {
            "file_path": "./C/r_016",
            "rotation": 0.09519977738150888,
            "time": 0.2,
            "transform_matrix": [
                [
                    0.8660253882408142,
                    0.32139384746551514,
                    -0.3830222189426422,
                    -1.7441667318344116
                ],
                [
                    -0.5,
                    0.5566703677177429,
                    -0.663413941860199,
                    -3.072892189025879
                ],
                [
                    -4.0839552184479544e-08,
                    0.7660444378852844,
                    0.6427876353263855,
                    2.9476513862609863
                ],
                [
                    0.0,
                    0.0,
                    0.0,
                    1.0
                ]
            ]
        },
        {
            "file_path": "./C/r_017",
            "rotation": 0.09519977738150888,
            "time": 0.2,
            "transform_matrix": [
                [
                    0.8660253882408142,
                    -0.32139384746551514,
                    0.3830222189426422,
                    1.7612065076828003
                ],
                [
                    0.5,
                    0.5566703677177429,
                    -0.663413941860199,
                    -3.072892189025879
                ],
                [
                    4.0839552184479544e-08,
                    0.7660444378852844,
                    0.6427876353263855,
                    2.9476513862609863
                ],
                [
                    0.0,
                    0.0,
                    0.0,
                    1.0
                ]
            ]
        },
        {
            "file_path": "./C/r_018",
            "rotation": 0.09519977738150888,
            "time": 0.2,
            "transform_matrix": [
                [
                    -1.6292068494294654e-07,
                    -0.34202003479003906,
                    0.9396926760673523,
                    4.308496475219727
                ],
                [
                    1.0,
                    1.1948128531003022e-07,
                    2.1686417994715157e-07,
                    -0.03714987635612488
                ],
                [
                    -1.8644757915353694e-07,
                    0.9396926760673523,
                    0.34202003479003906,
                    1.5713576078414917
                ],
                [
                    0.0,
                    0.0,
                    0.0,
                    1.0
                ]
            ]
        },
        {
            "file_path": "./C/r_019",
            "rotation": 0.09519977738150888,
            "time": 0.2,
            "transform_matrix": [
                [
                    -0.8660253882408142,
                    -0.1710101217031479,
                    0.46984633803367615,
                    2.15850830078125
                ],
                [
                    0.5000000596046448,
                    -0.2961979806423187,
                    0.8137977123260498,
                    3.686739206314087
                ],
                [
                    -1.1574073255360418e-07,
                    0.9396926760673523,
                    0.34202003479003906,
                    1.5713576078414917
                ],
                [
                    0.0,
                    0.0,
                    0.0,
                    1.0
                ]
            ]
        },
        {
            "file_path": "./C/r_020",
            "rotation": 0.09519977738150888,
            "time": 0.2,
            "transform_matrix": [
                [
                    -0.8660253882408142,
                    0.1710101217031479,
                    -0.46984633803367615,
                    -2.1414685249328613
                ],
                [
                    -0.5000000596046448,
                    -0.2961979806423187,
                    0.8137977123260498,
                    3.686739206314087
                ],
                [
                    1.1574073255360418e-07,
                    0.9396926760673523,
                    0.34202003479003906,
                    1.5713576078414917
                ],
                [
                    0.0,
                    0.0,
                    0.0,
                    1.0
                ]
            ]
        },
        {
            "file_path": "./C/r_021",
            "rotation": 0.09519977738150888,
            "time": 0.2,
            "transform_matrix": [
                [
                    -1.6292068494294654e-07,
                    0.34202003479003906,
                    -0.9396926760673523,
                    -4.291457176208496
                ],
                [
                    -1.0,
                    1.1948128531003022e-07,
                    2.1686417994715157e-07,
                    -0.03714987635612488
                ],
                [
                    1.8644757915353694e-07,
                    0.9396926760673523,
                    0.34202003479003906,
                    1.5713576078414917
                ],
                [
                    0.0,
                    0.0,
                    0.0,
                    1.0
                ]
            ]
        },
        {
            "file_path": "./C/r_022",
            "rotation": 0.09519977738150888,
            "time": 0.2,
            "transform_matrix": [
                [
                    0.8660253882408142,
                    0.17101004719734192,
                    -0.46984633803367615,
                    -2.1414685249328613
                ],
                [
                    -0.5,
                    0.29619815945625305,
                    -0.813797652721405,
                    -3.7610390186309814
                ],
                [
                    3.806642823178663e-08,
                    0.9396926164627075,
                    0.3420201539993286,
                    1.5713576078414917
                ],
                [
                    0.0,
                    0.0,
                    0.0,
                    1.0
                ]
            ]
        },
        {
            "file_path": "./C/r_023",
            "rotation": 0.09519977738150888,
            "time": 0.2,
            "transform_matrix": [
                [
                    0.8660253882408142,
                    -0.17101004719734192,
                    0.46984633803367615,
                    2.15850830078125
                ],
                [
                    0.5,
                    0.29619815945625305,
                    -0.813797652721405,
                    -3.7610390186309814
                ],
                [
                    -3.806642823178663e-08,
                    0.9396926164627075,
                    0.3420201539993286,
                    1.5713576078414917
                ],
                [
                    0.0,
                    0.0,
                    0.0,
                    1.0
                ]
            ]
        },
        {
            "file_path": "./C/r_024",
            "rotation": 0.09519977738150888,
            "time": 0.2,
            "transform_matrix": [
                [
                    -4.371138828673793e-08,
                    -0.17364810407161713,
                    0.9848077893257141,
                    4.5149407386779785
                ],
                [
                    1.0,
                    7.756523956459205e-08,
                    5.806254677054312e-08,
                    -0.03714987635612488
                ],
                [
                    -8.646929927635938e-08,
                    0.9848077893257141,
                    0.17364810407161713,
                    0.8008975982666016
                ],
                [
                    0.0,
                    0.0,
                    0.0,
                    1.0
                ]
            ]
        },
        {
            "file_path": "./C/r_025",
            "rotation": 0.09519977738150888,
            "time": 0.2,
            "transform_matrix": [
                [
                    -0.8660253882408142,
                    -0.08682423084974289,
                    0.49240389466285706,
                    2.261730432510376
                ],
                [
                    0.5000000596046448,
                    -0.15038356184959412,
                    0.8528685569763184,
                    3.865525245666504
                ],
                [
                    -1.9946430995787523e-07,
                    0.9848077893257141,
                    0.17364810407161713,
                    0.8008975982666016
                ],
                [
                    0.0,
                    0.0,
                    0.0,
                    1.0
                ]
            ]
        },
        {
            "file_path": "./C/r_026",
            "rotation": 0.09519977738150888,
            "time": 0.2,
            "transform_matrix": [
                [
                    -0.8660253882408142,
                    0.08682423084974289,
                    -0.49240389466285706,
                    -2.2446906566619873
                ],
                [
                    -0.5000000596046448,
                    -0.15038356184959412,
                    0.8528685569763184,
                    3.865525245666504
                ],
                [
                    1.9946430995787523e-07,
                    0.9848077893257141,
                    0.17364810407161713,
                    0.8008975982666016
                ],
                [
                    0.0,
                    0.0,
                    0.0,
                    1.0
                ]
            ]
        },
        {
            "file_path": "./C/r_027",
            "rotation": 0.09519977738150888,
            "time": 0.2,
            "transform_matrix": [
                [
                    -4.371138828673793e-08,
                    0.17364810407161713,
                    -0.9848077893257141,
                    -4.49790096282959
                ],
                [
                    -1.0,
                    7.756523956459205e-08,
                    5.806254677054312e-08,
                    -0.03714987635612488
                ],
                [
                    8.646929927635938e-08,
                    0.9848077893257141,
                    0.17364810407161713,
                    0.8008975982666016
                ],
                [
                    0.0,
                    0.0,
                    0.0,
                    1.0
                ]
            ]
        },
        {
            "file_path": "./C/r_028",
            "rotation": 0.09519977738150888,
            "time": 0.2,
            "transform_matrix": [
                [
                    0.8660253882408142,
                    0.08682404458522797,
                    -0.49240395426750183,
                    -2.2446906566619873
                ],
                [
                    -0.5000000596046448,
                    0.15038366615772247,
                    -0.8528684973716736,
                    -3.9398248195648193
                ],
                [
                    2.1818541640072908e-08,
                    0.9848077893257141,
                    0.17364810407161713,
                    0.8008975982666016
                ],
                [
                    0.0,
                    0.0,
                    0.0,
                    1.0
                ]
            ]
        },
        {
            "file_path": "./C/r_029",
            "rotation": 0.09519977738150888,
            "time": 0.2,
            "transform_matrix": [
                [
                    0.8660253882408142,
                    -0.08682404458522797,
                    0.49240395426750183,
                    2.261730432510376
                ],
                [
                    0.5000000596046448,
                    0.15038366615772247,
                    -0.8528684973716736,
                    -3.9398248195648193
                ],
                [
                    -2.1818541640072908e-08,
                    0.9848077893257141,
                    0.17364810407161713,
                    0.8008975982666016
                ],
                [
                    0.0,
                    0.0,
                    0.0,
                    1.0
                ]
            ]
        },
        {
            "file_path": "./C/r_030",
            "rotation": 0.09519977738150888,
            "time": 0.2,
            "transform_matrix": [
                [
                    -4.371138828673793e-08,
                    4.371138828673793e-08,
                    1.0,
                    4.5844597816467285
                ],
                [
                    1.0,
                    1.910685676922942e-15,
                    4.371138828673793e-08,
                    -0.03714987635612488
                ],
                [
                    0.0,
                    1.0,
                    -4.371138828673793e-08,
                    0.006293982267379761
                ],
                [
                    0.0,
                    0.0,
                    0.0,
                    1.0
                ]
            ]
        },
        {
            "file_path": "./C/r_031",
            "rotation": 0.09519977738150888,
            "time": 0.2,
            "transform_matrix": [
                [
                    -0.8660253882408142,
                    -4.865734837267155e-08,
                    0.5000000596046448,
                    2.296489715576172
                ],
                [
                    0.5000000596046448,
                    7.856590400479035e-08,
                    0.8660253882408142,
                    3.9257302284240723
                ],
                [
                    -8.142145446754512e-08,
                    1.0,
                    -4.371138828673793e-08,
                    0.006293982267379761
                ],
                [
                    0.0,
                    0.0,
                    0.0,
                    1.0
                ]
            ]
        },
        {
            "file_path": "./C/r_032",
            "rotation": 0.09519977738150888,
            "time": 0.2,
            "transform_matrix": [
                [
                    -0.8660253882408142,
                    4.865734837267155e-08,
                    -0.5000000596046448,
                    -2.279449939727783
                ],
                [
                    -0.5000000596046448,
                    7.856590400479035e-08,
                    0.8660253882408142,
                    3.9257302284240723
                ],
                [
                    8.142145446754512e-08,
                    1.0,
                    -4.371138828673793e-08,
                    0.006293982267379761
                ],
                [
                    0.0,
                    0.0,
                    0.0,
                    1.0
                ]
            ]
        },
        {
            "file_path": "./C/r_033",
            "rotation": 0.09519977738150888,
            "time": 0.2,
            "transform_matrix": [
                [
                    -4.371138828673793e-08,
                    -4.371138828673793e-08,
                    -1.0,
                    -4.56742000579834
                ],
                [
                    -1.0,
                    1.910685676922942e-15,
                    4.371138828673793e-08,
                    -0.03714987635612488
                ],
                [
                    0.0,
                    1.0,
                    -4.371138828673793e-08,
                    0.006293982267379761
                ],
                [
                    0.0,
                    0.0,
                    0.0,
                    1.0
                ]
            ]
        },
        {
            "file_path": "./C/r_034",
            "rotation": 0.09519977738150888,
            "time": 0.2,
            "transform_matrix": [
                [
                    0.866025447845459,
                    -2.0590039895296286e-08,
                    -0.49999991059303284,
                    -2.279449939727783
                ],
                [
                    -0.49999991059303284,
                    -3.858589892047348e-08,
                    -0.866025447845459,
                    -4.000030040740967
                ],
                [
                    -1.4614478516250529e-09,
                    1.0,
                    -4.371138828673793e-08,
                    0.006293982267379761
                ],
                [
                    0.0,
                    0.0,
                    0.0,
                    1.0
                ]
            ]
        },
        {
            "file_path": "./C/r_035",
            "rotation": 0.09519977738150888,
            "time": 0.2,
            "transform_matrix": [
                [
                    0.866025447845459,
                    2.0590039895296286e-08,
                    0.49999991059303284,
                    2.296489715576172
                ],
                [
                    0.49999991059303284,
                    -3.858589892047348e-08,
                    -0.866025447845459,
                    -4.000030040740967
                ],
                [
                    1.4614478516250529e-09,
                    1.0,
                    -4.371138828673793e-08,
                    0.006293982267379761
                ],
                [
                    0.0,
                    0.0,
                    0.0,
                    1.0
                ]
            ]
        },
        {
            "file_path": "./C/r_036",
            "rotation": 0.09519977738150888,
            "time": 0.2,
            "transform_matrix": [
                [
                    -1.6292068494294654e-07,
                    0.17364829778671265,
                    0.9848077297210693,
                    4.5149407386779785
                ],
                [
                    1.0,
                    9.188261174131185e-08,
                    1.4923260494015267e-07,
                    -0.03714987635612488
                ],
                [
                    -6.45727169512611e-08,
                    0.9848077297210693,
                    -0.17364829778671265,
                    -0.788309633731842
                ],
                [
                    0.0,
                    0.0,
                    0.0,
                    1.0
                ]
            ]
        },
        {
            "file_path": "./C/r_037",
            "rotation": 0.09519977738150888,
            "time": 0.2,
            "transform_matrix": [
                [
                    -0.8660255074501038,
                    0.0868239626288414,
                    0.49240371584892273,
                    2.261730432510376
                ],
                [
                    0.4999998211860657,
                    0.1503838151693344,
                    0.8528686165809631,
                    3.865525245666504
                ],
                [
                    -1.214339846455914e-07,
                    0.9848077297210693,
                    -0.1736481934785843,
                    -0.788309633731842
                ],
                [
                    0.0,
                    0.0,
                    0.0,
                    1.0
                ]
            ]
        },
        {
            "file_path": "./C/r_038",
            "rotation": 0.09519977738150888,
            "time": 0.2,
            "transform_matrix": [
                [
                    -0.8660255074501038,
                    -0.0868239626288414,
                    -0.49240371584892273,
                    -2.2446906566619873
                ],
                [
                    -0.4999998211860657,
                    0.1503838151693344,
                    0.8528686165809631,
                    3.865525245666504
                ],
                [
                    1.214339846455914e-07,
                    0.9848077297210693,
                    -0.1736481934785843,
                    -0.788309633731842
                ],
                [
                    0.0,
                    0.0,
                    0.0,
                    1.0
                ]
            ]
        },
        {
            "file_path": "./C/r_039",
            "rotation": 0.09519977738150888,
            "time": 0.2,
            "transform_matrix": [
                [
                    -1.6292068494294654e-07,
                    -0.17364829778671265,
                    -0.9848077297210693,
                    -4.49790096282959
                ],
                [
                    -1.0,
                    9.188261174131185e-08,
                    1.4923260494015267e-07,
                    -0.03714987635612488
                ],
                [
                    6.45727169512611e-08,
                    0.9848077297210693,
                    -0.17364829778671265,
                    -0.788309633731842
                ],
                [
                    0.0,
                    0.0,
                    0.0,
                    1.0
                ]
            ]
        },
        {
            "file_path": "./C/r_040",
            "rotation": 0.09519977738150888,
            "time": 0.2,
            "transform_matrix": [
                [
                    0.866025447845459,
                    -0.08682407438755035,
                    -0.4924038350582123,
                    -2.2446906566619873
                ],
                [
                    -0.4999999701976776,
                    -0.15038375556468964,
                    -0.8528685569763184,
                    -3.9398248195648193
                ],
                [
                    -1.472219501863492e-08,
                    0.9848077297210693,
                    -0.1736481934785843,
                    -0.788309633731842
                ],
                [
                    0.0,
                    0.0,
                    0.0,
                    1.0
                ]
            ]
        },
        {
            "file_path": "./C/r_041",
            "rotation": 0.09519977738150888,
            "time": 0.2,
            "transform_matrix": [
                [
                    0.866025447845459,
                    0.08682407438755035,
                    0.4924038350582123,
                    2.261730432510376
                ],
                [
                    0.4999999701976776,
                    -0.15038375556468964,
                    -0.8528685569763184,
                    -3.9398248195648193
                ],
                [
                    1.472219501863492e-08,
                    0.9848077297210693,
                    -0.1736481934785843,
                    -0.788309633731842
                ],
                [
                    0.0,
                    0.0,
                    0.0,
                    1.0
                ]
            ]
        },
        {
            "file_path": "./C/r_042",
            "rotation": 0.09519977738150888,
            "time": 0.2,
            "transform_matrix": [
                [
                    -1.6292068494294654e-07,
                    0.34202033281326294,
                    0.9396925568580627,
                    4.308496475219727
                ],
                [
                    1.0,
                    2.309255933141685e-07,
                    8.932648398740639e-08,
                    -0.03714987635612488
                ],
                [
                    -1.8644757915353694e-07,
                    0.9396925568580627,
                    -0.34202033281326294,
                    -1.5587695837020874
                ],
                [
                    0.0,
                    0.0,
                    0.0,
                    1.0
                ]
            ]
        },
        {
            "file_path": "./C/r_043",
            "rotation": 0.09519977738150888,
            "time": 0.2,
            "transform_matrix": [
                [
                    -0.8660255074501038,
                    0.17100997269153595,
                    0.4698461592197418,
                    2.15850830078125
                ],
                [
                    0.4999998211860657,
                    0.2961982786655426,
                    0.8137977123260498,
                    3.686739206314087
                ],
                [
                    -1.1067399441344605e-07,
                    0.9396926164627075,
                    -0.3420202434062958,
                    -1.5587695837020874
                ],
                [
                    0.0,
                    0.0,
                    0.0,
                    1.0
                ]
            ]
        },
        {
            "file_path": "./C/r_044",
            "rotation": 0.09519977738150888,
            "time": 0.2,
            "transform_matrix": [
                [
                    -0.8660255074501038,
                    -0.17100997269153595,
