{
    "camera_angle_x": 0.6911112070083618,
    "frames": [
        {
            "file_path": "./E/r_000",
            "rotation": 0.09519977738150888,
            "time": 1.0,
            "transform_matrix": [
                [
                    -4.371138828673793e-08,
                    -0.9848077297210693,
                    0.1736481934785843,
                    0.5885423421859741
                ],
                [
                    1.0,
                    -2.2086053874659228e-08,
                    1.2646762570511783e-07,
                    0.05930931866168976
                ],
                [
                    -1.207110926770838e-07,
                    0.1736481934785843,
                    0.9848077297210693,
                    3.1099579334259033
                ],
                [
                    0.0,
                    0.0,
                    0.0,
                    1.0
                ]
            ]
        },
        {
            "file_path": "./E/r_001",
            "rotation": 0.09519977738150888,
            "time": 1.0,
            "transform_matrix": [
                [
                    -0.8660253882408142,
                    -0.49240392446517944,
                    0.086823970079422,
                    0.30065086483955383
                ],
                [
                    0.5000000596046448,
                    -0.8528684973716736,
                    0.15038365125656128,
                    0.5579519867897034
                ],
                [
                    -7.218422126697988e-08,
                    0.17364805936813354,
                    0.9848077893257141,
                    3.1099579334259033
                ],
                [
                    0.0,
                    0.0,
                    0.0,
                    1.0
                ]
            ]
        },
        {
            "file_path": "./E/r_002",
            "rotation": 0.09519977738150888,
            "time": 1.0,
            "transform_matrix": [
                [
                    -0.8660253882408142,
                    0.49240392446517944,
                    -0.086823970079422,
                    -0.27513208985328674
                ],
                [
                    -0.5000000596046448,
                    -0.8528684973716736,
                    0.15038365125656128,
                    0.5579519867897034
                ],
                [
                    7.218422126697988e-08,
                    0.17364805936813354,
                    0.9848077893257141,
                    3.1099579334259033
                ],
                [
                    0.0,
                    0.0,
                    0.0,
                    1.0
                ]
            ]
        },
        {
            "file_path": "./E/r_003",
            "rotation": 0.09519977738150888,
            "time": 1.0,
            "transform_matrix": [
                [
                    -4.371138828673793e-08,
                    0.9848077297210693,
                    -0.1736481934785843,
                    -0.563023567199707
                ],
                [
                    -1.0,
                    -2.2086053874659228e-08,
                    1.2646762570511783e-07,
                    0.05930931866168976
                ],
                [
                    1.207110926770838e-07,
                    0.1736481934785843,
                    0.9848077297210693,
                    3.1099579334259033
                ],
                [
                    0.0,
                    0.0,
                    0.0,
                    1.0
                ]
            ]
        },
        {
            "file_path": "./E/r_004",
            "rotation": 0.09519977738150888,
            "time": 1.0,
            "transform_matrix": [
                [
                    0.8660253882408142,
                    0.49240386486053467,
                    -0.0868242084980011,
                    -0.27513208985328674
                ],
                [
                    -0.5,
                    0.8528684973716736,
                    -0.1503838151693344,
                    -0.43933334946632385
                ],
                [
                    6.212034975305869e-08,
                    0.17364829778671265,
                    0.9848077297210693,
                    3.1099579334259033
                ],
                [
                    0.0,
                    0.0,
                    0.0,
                    1.0
                ]
            ]
        },
        {
            "file_path": "./E/r_005",
            "rotation": 0.09519977738150888,
            "time": 1.0,
            "transform_matrix": [
                [
                    0.8660253882408142,
                    -0.49240386486053467,
                    0.0868242084980011,
                    0.30065086483955383
                ],
                [
                    0.5,
                    0.8528684973716736,
                    -0.1503838151693344,
                    -0.43933334946632385
                ],
                [
                    -6.212034975305869e-08,
                    0.17364829778671265,
                    0.9848077297210693,
                    3.1099579334259033
                ],
                [
                    0.0,
                    0.0,
                    0.0,
                    1.0
                ]
            ]
        },
        {
            "file_path": "./E/r_006",
            "rotation": 0.09519977738150888,
            "time": 1.0,
            "transform_matrix": [
                [
                    -4.371138828673793e-08,
                    -0.8660253882408142,
                    0.5000000596046448,
                    1.670660376548767
                ],
                [
                    1.0,
                    1.303324026480368e-08,
                    1.0999699640024119e-07,
                    0.05930931866168976
                ],
                [
                    -1.0177681275536088e-07,
                    0.5000000596046448,
                    0.8660253882408142,
                    2.7160990238189697
                ],
                [
                    0.0,
                    0.0,
                    0.0,
                    1.0
                ]
            ]
        },
        {
            "file_path": "./E/r_007",
            "rotation": 0.09519977738150888,
            "time": 1.0,
            "transform_matrix": [
                [
                    -0.8660253882408142,
                    -0.4330127239227295,
                    0.2500000596046448,
                    0.8417098522186279
                ],
                [
                    0.5000000596046448,
                    -0.7499999403953552,
                    0.43301281332969666,
                    1.4950937032699585
                ],
                [
                    -3.3167012247758976e-08,
                    0.5000001192092896,
                    0.8660253286361694,
                    2.7160990238189697
                ],
                [
                    0.0,
                    0.0,
                    0.0,
                    1.0
                ]
            ]
        },
        {
            "file_path": "./E/r_008",
            "rotation": 0.09519977738150888,
            "time": 1.0,
            "transform_matrix": [
                [
                    -0.8660253882408142,
                    0.4330127239227295,
                    -0.2500000596046448,
                    -0.8161910772323608
                ],
                [
                    -0.5000000596046448,
                    -0.7499999403953552,
                    0.43301281332969666,
                    1.4950937032699585
                ],
                [
                    3.3167012247758976e-08,
                    0.5000001192092896,
                    0.8660253286361694,
                    2.7160990238189697
                ],
                [
                    0.0,
                    0.0,
                    0.0,
                    1.0
                ]
            ]
        },
        {
            "file_path": "./E/r_009",
            "rotation": 0.09519977738150888,
            "time": 1.0,
            "transform_matrix": [
                [
                    -4.371138828673793e-08,
                    0.8660253882408142,
                    -0.5000000596046448,
                    -1.6451416015625
                ],
                [
                    -1.0,
                    1.303324026480368e-08,
                    1.0999699640024119e-07,
                    0.05930931866168976
                ],
                [
                    1.0177681275536088e-07,
                    0.5000000596046448,
                    0.8660253882408142,
                    2.7160990238189697
                ],
                [
                    0.0,
                    0.0,
                    0.0,
                    1.0
                ]
            ]
        },
        {
            "file_path": "./E/r_010",
            "rotation": 0.09519977738150888,
            "time": 1.0,
            "transform_matrix": [
                [
                    0.8660253882408142,
                    0.4330127239227295,
                    -0.25000011920928955,
                    -0.8161910772323608
                ],
                [
                    -0.5000000596046448,
                    0.7499999403953552,
                    -0.43301278352737427,
                    -1.3764749765396118
                ],
                [
                    2.4441249024675926e-08,
                    0.5000001192092896,
                    0.8660253286361694,
                    2.7160990238189697
                ],
                [
                    0.0,
                    0.0,
                    0.0,
                    1.0
                ]
            ]
        },
        {
            "file_path": "./E/r_011",
            "rotation": 0.09519977738150888,
            "time": 1.0,
            "transform_matrix": [
                [
                    0.8660253882408142,
                    -0.4330127239227295,
                    0.25000011920928955,
                    0.8417098522186279
                ],
                [
                    0.5000000596046448,
                    0.7499999403953552,
                    -0.43301278352737427,
                    -1.3764749765396118
                ],
                [
                    -2.4441249024675926e-08,
                    0.5000001192092896,
                    0.8660253286361694,
                    2.7160990238189697
                ],
                [
                    0.0,
                    0.0,
                    0.0,
                    1.0
                ]
            ]
        },
        {
            "file_path": "./E/r_012",
            "rotation": 0.09519977738150888,
            "time": 1.0,
            "transform_matrix": [
                [
                    7.549790126404332e-08,
                    -0.6427876353263855,
                    0.7660443782806396,
                    2.5528109073638916
                ],
                [
                    1.0,
                    1.9267739403971973e-08,
                    -8.238795601300808e-08,
                    0.05930931866168976
                ],
                [
                    3.819801719373572e-08,
                    0.7660443782806396,
                    0.6427876353263855,
                    1.9758868217468262
                ],
                [
                    0.0,
                    0.0,
                    0.0,
                    1.0
                ]
            ]
        },
        {
            "file_path": "./E/r_013",
            "rotation": 0.09519977738150888,
            "time": 1.0,
            "transform_matrix": [
                [
                    -0.8660255074501038,
                    -0.321393758058548,
                    0.3830220401287079,
                    1.282785177230835
                ],
                [
                    0.4999998211860657,
                    -0.5566704273223877,
                    0.6634140610694885,
                    2.2590584754943848
                ],
                [
                    -1.061269756519323e-07,
                    0.7660444378852844,
                    0.6427876353263855,
                    1.9758868217468262
                ],
                [
                    0.0,
                    0.0,
                    0.0,
                    1.0
                ]
            ]
        },
        {
            "file_path": "./E/r_014",
            "rotation": 0.09519977738150888,
            "time": 1.0,
            "transform_matrix": [
                [
                    -0.8660255074501038,
                    0.321393758058548,
                    -0.3830220401287079,
                    -1.2572664022445679
                ],
                [
                    -0.4999998211860657,
                    -0.5566704273223877,
                    0.6634140610694885,
                    2.2590584754943848
                ],
                [
                    1.061269756519323e-07,
                    0.7660444378852844,
                    0.6427876353263855,
                    1.9758868217468262
                ],
                [
                    0.0,
                    0.0,
                    0.0,
                    1.0
                ]
            ]
        },
        {
            "file_path": "./E/r_015",
            "rotation": 0.09519977738150888,
            "time": 1.0,
            "transform_matrix": [
                [
                    -1.6292068494294654e-07,
                    0.642787516117096,
                    -0.7660444974899292,
                    -2.527292251586914
                ],
                [
                    -1.0,
                    -1.3201298543208395e-07,
                    1.0190579757818341e-07,
                    0.05930931866168976
                ],
                [
                    -3.562405481716269e-08,
                    0.7660444974899292,
                    0.642787516117096,
                    1.9758868217468262
                ],
                [
                    0.0,
                    0.0,
                    0.0,
                    1.0
                ]
            ]
        },
        {
            "file_path": "./E/r_016",
            "rotation": 0.09519977738150888,
            "time": 1.0,
            "transform_matrix": [
                [
                    0.8660253882408142,
                    0.3213937282562256,
                    -0.38302236795425415,
                    -1.2572664022445679
                ],
                [
                    -0.5000000596046448,
                    0.5566702485084534,
                    -0.6634140014648438,
                    -2.140439987182617
                ],
                [
                    5.988261619904733e-08,
                    0.766044557094574,
                    0.6427874565124512,
                    1.9758868217468262
                ],
                [
                    0.0,
                    0.0,
                    0.0,
                    1.0
                ]
            ]
        },
        {
            "file_path": "./E/r_017",
            "rotation": 0.09519977738150888,
            "time": 1.0,
            "transform_matrix": [
                [
                    0.8660253882408142,
                    -0.3213937282562256,
                    0.38302236795425415,
                    1.282785177230835
                ],
                [
                    0.5000000596046448,
                    0.5566702485084534,
                    -0.6634140014648438,
                    -2.140439987182617
                ],
                [
                    -5.988261619904733e-08,
                    0.766044557094574,
                    0.6427874565124512,
                    1.9758868217468262
                ],
                [
                    0.0,
                    0.0,
                    0.0,
                    1.0
                ]
            ]
        },
        {
            "file_path": "./E/r_018",
            "rotation": 0.09519977738150888,
            "time": 1.0,
            "transform_matrix": [
                [
                    7.549790126404332e-08,
                    -0.3420201539993286,
                    0.9396926164627075,
                    3.128593921661377
                ],
                [
                    1.0,
                    -3.9063369428049555e-08,
                    -9.456108784888784e-08,
                    0.05930931866168976
                ],
                [
                    6.904935645479782e-08,
                    0.9396926164627075,
                    0.3420201539993286,
                    0.9786014556884766
                ],
                [
                    0.0,
                    0.0,
                    0.0,
                    1.0
                ]
            ]
        },
        {
            "file_path": "./E/r_019",
            "rotation": 0.09519977738150888,
            "time": 1.0,
            "transform_matrix": [
                [
                    -0.8660253882408142,
                    -0.17101004719734192,
                    0.46984636783599854,
                    1.5706766843795776
                ],
                [
                    0.5000000596046448,
                    -0.2961980402469635,
                    0.8137977123260498,
                    2.7577011585235596
                ],
                [
                    -1.0788181015186638e-08,
                    0.9396926760673523,
                    0.34202003479003906,
                    0.9786014556884766
                ],
                [
                    0.0,
                    0.0,
                    0.0,
                    1.0
                ]
            ]
        },
        {
            "file_path": "./E/r_020",
            "rotation": 0.09519977738150888,
            "time": 1.0,
            "transform_matrix": [
                [
                    -0.8660253882408142,
                    0.17101004719734192,
                    -0.46984636783599854,
                    -1.5451579093933105
                ],
                [
                    -0.5000000596046448,
                    -0.2961980402469635,
                    0.8137977123260498,
                    2.7577011585235596
                ],
                [
                    1.0788181015186638e-08,
                    0.9396926760673523,
                    0.34202003479003906,
                    0.9786014556884766
                ],
                [
                    0.0,
                    0.0,
                    0.0,
                    1.0
                ]
            ]
        },
        {
            "file_path": "./E/r_021",
            "rotation": 0.09519977738150888,
            "time": 1.0,
            "transform_matrix": [
                [
                    -4.371138828673793e-08,
                    0.34202003479003906,
                    -0.9396926760673523,
                    -3.1030752658843994
                ],
                [
                    -1.0,
                    -1.495017087904671e-08,
                    4.107527118435428e-08,
                    0.05930931866168976
                ],
                [
                    0.0,
                    0.9396926760673523,
                    0.34202003479003906,
                    0.9786014556884766
                ],
                [
                    0.0,
                    0.0,
                    0.0,
                    1.0
                ]
            ]
        },
        {
            "file_path": "./E/r_022",
            "rotation": 0.09519977738150888,
            "time": 1.0,
            "transform_matrix": [
                [
                    0.8660253882408142,
                    0.1710100620985031,
                    -0.46984633803367615,
                    -1.5451579093933105
                ],
                [
                    -0.5,
                    0.29619815945625305,
                    -0.813797652721405,
                    -2.639082670211792
                ],
                [
                    2.1554980023097414e-08,
                    0.9396926164627075,
                    0.3420201539993286,
                    0.9786014556884766
                ],
                [
                    0.0,
                    0.0,
                    0.0,
                    1.0
                ]
            ]
        },
        {
            "file_path": "./E/r_023",
            "rotation": 0.09519977738150888,
            "time": 1.0,
            "transform_matrix": [
                [
                    0.8660253882408142,
                    -0.1710100620985031,
                    0.46984633803367615,
                    1.5706766843795776
                ],
                [
                    0.5,
                    0.29619815945625305,
                    -0.813797652721405,
                    -2.639082670211792
                ],
                [
                    -2.1554980023097414e-08,
                    0.9396926164627075,
                    0.3420201539993286,
                    0.9786014556884766
                ],
                [
                    0.0,
                    0.0,
                    0.0,
                    1.0
                ]
            ]
        },
        {
            "file_path": "./E/r_024",
            "rotation": 0.09519977738150888,
            "time": 1.0,
            "transform_matrix": [
                [
                    7.549790126404332e-08,
                    -0.17364810407161713,
                    0.9848077893257141,
                    3.278186798095703
                ],
                [
                    1.0,
                    -8.227750214473417e-08,
                    -9.117031396499442e-08,
                    0.05930931866168976
                ],
                [
                    9.685907542689165e-08,
                    0.9848077893257141,
                    0.17364810407161713,
                    0.42031338810920715
                ],
                [
                    0.0,
                    0.0,
                    0.0,
                    1.0
                ]
            ]
        },
        {
            "file_path": "./E/r_025",
            "rotation": 0.09519977738150888,
            "time": 1.0,
            "transform_matrix": [
                [
                    -0.8660253882408142,
                    -0.08682410418987274,
                    0.49240392446517944,
                    1.6454731225967407
                ],
                [
                    0.5000000596046448,
                    -0.15038363635540009,
                    0.8528684973716736,
                    2.8872523307800293
                ],
                [
                    -5.219672871703551e-08,
                    0.9848077893257141,
                    0.17364810407161713,
                    0.42031338810920715
                ],
                [
                    0.0,
                    0.0,
                    0.0,
                    1.0
                ]
            ]
        },
        {
            "file_path": "./E/r_026",
            "rotation": 0.09519977738150888,
            "time": 1.0,
            "transform_matrix": [
                [
                    -0.8660253882408142,
                    0.08682410418987274,
                    -0.49240392446517944,
                    -1.6199543476104736
                ],
                [
                    -0.5000000596046448,
                    -0.15038363635540009,
                    0.8528684973716736,
                    2.8872523307800293
                ],
                [
                    5.219672871703551e-08,
                    0.9848077893257141,
                    0.17364810407161713,
                    0.42031338810920715
                ],
                [
                    0.0,
                    0.0,
                    0.0,
                    1.0
                ]
            ]
        },
        {
            "file_path": "./E/r_027",
            "rotation": 0.09519977738150888,
            "time": 1.0,
            "transform_matrix": [
                [
                    -1.6292068494294654e-07,
                    0.17364798486232758,
                    -0.9848077893257141,
                    -3.2526681423187256
                ],
                [
                    -1.0,
                    -6.008669828361235e-08,
                    1.548390997641036e-07,
                    0.05930931866168976
                ],
                [
                    -3.228635492291687e-08,
                    0.9848077893257141,
                    0.17364798486232758,
                    0.42031338810920715
                ],
                [
                    0.0,
                    0.0,
                    0.0,
                    1.0
                ]
            ]
        },
        {
            "file_path": "./E/r_028",
            "rotation": 0.09519977738150888,
            "time": 1.0,
            "transform_matrix": [
                [
                    0.8660253882408142,
                    0.08682404458522797,
                    -0.49240395426750183,
                    -1.6199543476104736
                ],
                [
                    -0.5000000596046448,
                    0.15038366615772247,
                    -0.8528684973716736,
                    -2.7686338424682617
                ],
                [
                    2.1818541640072908e-08,
                    0.9848077893257141,
                    0.17364810407161713,
                    0.42031338810920715
                ],
                [
                    0.0,
                    0.0,
                    0.0,
                    1.0
                ]
            ]
        },
        {
            "file_path": "./E/r_029",
            "rotation": 0.09519977738150888,
            "time": 1.0,
            "transform_matrix": [
                [
                    0.8660253882408142,
                    -0.08682404458522797,
                    0.49240395426750183,
                    1.6454731225967407
                ],
                [
                    0.5000000596046448,
                    0.15038366615772247,
                    -0.8528684973716736,
                    -2.7686338424682617
                ],
                [
                    -2.1818541640072908e-08,
                    0.9848077893257141,
                    0.17364810407161713,
                    0.42031338810920715
                ],
                [
                    0.0,
                    0.0,
                    0.0,
                    1.0
                ]
            ]
        },
        {
            "file_path": "./E/r_030",
            "rotation": 0.09519977738150888,
            "time": 1.0,
            "transform_matrix": [
                [
                    -4.371138828673793e-08,
                    4.371138828673793e-08,
                    1.0,
                    3.328561305999756
                ],
                [
                    1.0,
                    1.910685676922942e-15,
                    4.371138828673793e-08,
                    0.05930931866168976
                ],
                [
                    0.0,
                    1.0,
                    -4.371138828673793e-08,
                    -0.15546958148479462
                ],
                [
                    0.0,
                    0.0,
                    0.0,
                    1.0
                ]
            ]
        },
        {
            "file_path": "./E/r_031",
            "rotation": 0.09519977738150888,
            "time": 1.0,
            "transform_matrix": [
                [
                    -0.8660253882408142,
                    -3.102908507912616e-08,
                    0.5000000596046448,
                    1.670660376548767
                ],
                [
                    0.5000000596046448,
                    6.838821775545512e-08,
                    0.8660253882408142,
                    2.930877923965454
                ],
                [
                    -6.1066089074302e-08,
                    1.0,
                    -4.371138828673793e-08,
                    -0.15546958148479462
                ],
                [
                    0.0,
                    0.0,
                    0.0,
                    1.0
                ]
            ]
        },
        {
            "file_path": "./E/r_032",
            "rotation": 0.09519977738150888,
            "time": 1.0,
            "transform_matrix": [
                [
                    -0.8660253882408142,
                    3.102908507912616e-08,
                    -0.5000000596046448,
                    -1.6451416015625
                ],
                [
                    -0.5000000596046448,
                    6.838821775545512e-08,
                    0.8660253882408142,
                    2.930877923965454
                ],
                [
                    6.1066089074302e-08,
                    1.0,
                    -4.371138828673793e-08,
                    -0.15546958148479462
                ],
                [
                    0.0,
                    0.0,
                    0.0,
                    1.0
                ]
            ]
        },
        {
            "file_path": "./E/r_033",
            "rotation": 0.09519977738150888,
            "time": 1.0,
            "transform_matrix": [
                [
                    -4.371138828673793e-08,
                    -4.371138828673793e-08,
                    -1.0,
                    -3.303042411804199
                ],
                [
                    -1.0,
                    1.910685676922942e-15,
                    4.371138828673793e-08,
                    0.05930931866168976
                ],
                [
                    0.0,
                    1.0,
                    -4.371138828673793e-08,
                    -0.15546958148479462
                ],
                [
                    0.0,
                    0.0,
                    0.0,
                    1.0
                ]
            ]
        },
        {
            "file_path": "./E/r_034",
            "rotation": 0.09519977738150888,
            "time": 1.0,
            "transform_matrix": [
                [
                    0.8660253882408142,
                    -5.711222073045974e-08,
                    -0.5,
                    -1.6451416015625
                ],
                [
                    -0.5,
                    -1.7499807825060998e-08,
                    -0.8660253882408142,
                    -2.8122594356536865
                ],
                [
                    4.071073078648624e-08,
                    1.0,
                    -4.371138828673793e-08,
                    -0.15546958148479462
                ],
                [
                    0.0,
                    0.0,
                    0.0,
                    1.0
                ]
            ]
        },
        {
            "file_path": "./E/r_035",
            "rotation": 0.09519977738150888,
            "time": 1.0,
            "transform_matrix": [
                [
                    0.8660253882408142,
                    5.711222073045974e-08,
                    0.5,
                    1.670660376548767
                ],
                [
                    0.5,
                    -1.7499807825060998e-08,
                    -0.8660253882408142,
                    -2.8122594356536865
                ],
                [
                    -4.071073078648624e-08,
                    1.0,
                    -4.371138828673793e-08,
                    -0.15546958148479462
                ],
                [
                    0.0,
                    0.0,
                    0.0,
                    1.0
                ]
            ]
        },
        {
            "file_path": "./E/r_036",
            "rotation": 0.09519977738150888,
            "time": 1.0,
            "transform_matrix": [
                [
                    -4.371138828673793e-08,
                    0.17364829778671265,
                    0.9848077297210693,
                    3.278186798095703
                ],
                [
                    1.0,
                    -7.756522535373733e-08,
                    5.806256098139784e-08,
                    0.05930931866168976
                ],
                [
                    8.646929927635938e-08,
                    0.9848077297210693,
                    -0.17364829778671265,
                    -0.7312525510787964
                ],
                [
                    0.0,
                    0.0,
                    0.0,
                    1.0
                ]
            ]
        },
        {
            "file_path": "./E/r_037",
            "rotation": 0.09519977738150888,
            "time": 1.0,
            "transform_matrix": [
                [
                    -0.8660253882408142,
                    0.08682413399219513,
                    0.49240389466285706,
                    1.6454731225967407
                ],
                [
                    0.5000000596046448,
                    0.150383859872818,
                    0.8528684973716736,
                    2.8872523307800293
                ],
                [
                    -2.891488115608354e-08,
                    0.9848077297210693,
                    -0.17364829778671265,
                    -0.7312525510787964
                ],
                [
                    0.0,
                    0.0,
                    0.0,
                    1.0
                ]
            ]
        },
        {
            "file_path": "./E/r_038",
            "rotation": 0.09519977738150888,
            "time": 1.0,
            "transform_matrix": [
                [
                    -0.8660253882408142,
                    -0.08682413399219513,
                    -0.49240389466285706,
                    -1.6199543476104736
                ],
                [
                    -0.5000000596046448,
                    0.150383859872818,
                    0.8528684973716736,
                    2.8872523307800293
                ],
                [
                    2.891488115608354e-08,
                    0.9848077297210693,
                    -0.17364829778671265,
                    -0.7312525510787964
                ],
                [
                    0.0,
                    0.0,
                    0.0,
                    1.0
                ]
            ]
        },
        {
            "file_path": "./E/r_039",
            "rotation": 0.09519977738150888,
            "time": 1.0,
            "transform_matrix": [
                [
                    7.549790126404332e-08,
                    -0.1736481934785843,
                    -0.9848077297210693,
                    -3.2526681423187256
                ],
                [
                    -1.0,
                    -1.311007302717826e-08,
                    -7.435091475826994e-08,
                    0.05930931866168976
                ],
                [
                    0.0,
                    0.9848077297210693,
                    -0.1736481934785843,
                    -0.7312525510787964
                ],
                [
                    0.0,
                    0.0,
                    0.0,
                    1.0
                ]
            ]
        },
        {
            "file_path": "./E/r_040",
            "rotation": 0.09519977738150888,
            "time": 1.0,
            "transform_matrix": [
                [
                    0.866025447845459,
                    -0.08682407438755035,
                    -0.4924038350582123,
                    -1.6199543476104736
                ],
                [
                    -0.4999999701976776,
                    -0.15038375556468964,
                    -0.8528685569763184,
                    -2.7686338424682617
                ],
                [
                    -1.472219501863492e-08,
                    0.9848077297210693,
                    -0.1736481934785843,
                    -0.7312525510787964
                ],
                [
                    0.0,
                    0.0,
                    0.0,
                    1.0
                ]
            ]
        },
        {
            "file_path": "./E/r_041",
            "rotation": 0.09519977738150888,
            "time": 1.0,
            "transform_matrix": [
                [
                    0.866025447845459,
                    0.08682407438755035,
                    0.4924038350582123,
                    1.6454731225967407
                ],
                [
                    0.4999999701976776,
                    -0.15038375556468964,
                    -0.8528685569763184,
                    -2.7686338424682617
                ],
                [
                    1.472219501863492e-08,
                    0.9848077297210693,
                    -0.1736481934785843,
                    -0.7312525510787964
                ],
                [
                    0.0,
                    0.0,
                    0.0,
                    1.0
                ]
            ]
        },
        {
            "file_path": "./E/r_042",
            "rotation": 0.09519977738150888,
            "time": 1.0,
            "transform_matrix": [
                [
                    -4.371138828673793e-08,
                    0.3420202434062958,
                    0.9396926164627075,
                    3.128593921661377
                ],
                [
                    1.0,
                    3.44022588194548e-08,
                    3.3995288362120846e-08,
                    0.05930931866168976
                ],
                [
                    -2.070047067093128e-08,
                    0.9396926164627075,
                    -0.3420202434062958,
                    -1.2895406484603882
                ],
                [
                    0.0,
                    0.0,
                    0.0,
                    1.0
                ]
            ]
        },
        {
            "file_path": "./E/r_043",
            "rotation": 0.09519977738150888,
            "time": 1.0,
            "transform_matrix": [
                [
                    -0.8660253882408142,
                    0.1710100769996643,
                    0.46984636783599854,
                    1.5706766843795776
                ],
                [
                    0.5000000596046448,
                    0.2961982488632202,
                    0.8137975931167603,
                    2.7577011585235596
                ],
                [
                    -7.227479414950722e-08,
                    0.9396926164627075,
                    -0.3420202434062958,
                    -1.2895406484603882
                ],
                [
                    0.0,
                    0.0,
                    0.0,
                    1.0
                ]
            ]
        },
        {
            "file_path": "./E/r_044",
            "rotation": 0.09519977738150888,
            "time": 1.0,
            "transform_matrix": [
                [
                    -0.8660253882408142,
                    -0.1710100769996643,
