{
    "camera_angle_x": 0.6911112070083618,
    "frames": [
        {
            "file_path": "./A/r_000",
            "rotation": 0.09519977738150888,
            "time": 0.0,
            "transform_matrix": [
                [
                    -1.6292068494294654e-07,
                    -0.9848077297210693,
                    0.1736481934785843,
                    0.7289837598800659
                ],
                [
                    1.0,
                    -1.9999836808892724e-07,
                    -1.960243167786757e-07,
                    -0.008519276976585388
                ],
                [
                    2.2777561525799683e-07,
                    0.1736481934785843,
                    0.9848077297210693,
                    3.9564473628997803
                ],
                [
                    0.0,
                    0.0,
                    0.0,
                    1.0
                ]
            ]
        },
        {
            "file_path": "./A/r_001",
            "rotation": 0.09519977738150888,
            "time": 0.0,
            "transform_matrix": [
                [
                    -0.8660253882408142,
                    -0.49240389466285706,
                    0.08682428300380707,
                    0.3812379240989685
                ],
                [
                    0.5000000596046448,
                    -0.8528684973716736,
                    0.1503838449716568,
                    0.5937942266464233
                ],
                [
                    1.0625825552779133e-07,
                    0.17364835739135742,
                    0.9848077297210693,
                    3.9564473628997803
                ],
                [
                    0.0,
                    0.0,
                    0.0,
                    1.0
                ]
            ]
        },
        {
            "file_path": "./A/r_002",
            "rotation": 0.09519977738150888,
            "time": 0.0,
            "transform_matrix": [
                [
                    -0.8660253882408142,
                    0.49240389466285706,
                    -0.08682428300380707,
                    -0.3142537474632263
                ],
                [
                    -0.5000000596046448,
                    -0.8528684973716736,
                    0.1503838449716568,
                    0.5937942266464233
                ],
                [
                    -1.0625825552779133e-07,
                    0.17364835739135742,
                    0.9848077297210693,
                    3.9564473628997803
                ],
                [
                    0.0,
                    0.0,
                    0.0,
                    1.0
                ]
            ]
        },
        {
            "file_path": "./A/r_003",
            "rotation": 0.09519977738150888,
            "time": 0.0,
            "transform_matrix": [
                [
                    -1.6292068494294654e-07,
                    0.9848077297210693,
                    -0.1736481934785843,
                    -0.6619995832443237
                ],
                [
                    -1.0,
                    -1.9999836808892724e-07,
                    -1.960243167786757e-07,
                    -0.008519276976585388
                ],
                [
                    -2.2777561525799683e-07,
                    0.1736481934785843,
                    0.9848077297210693,
                    3.9564473628997803
                ],
                [
                    0.0,
                    0.0,
                    0.0,
                    1.0
                ]
            ]
        },
        {
            "file_path": "./A/r_004",
            "rotation": 0.09519977738150888,
            "time": 0.0,
            "transform_matrix": [
                [
                    0.8660253882408142,
                    0.49240395426750183,
                    -0.08682393282651901,
                    -0.3142537474632263
                ],
                [
                    -0.5000000596046448,
                    0.8528684973716736,
                    -0.15038365125656128,
                    -0.6108327507972717
                ],
                [
                    -1.0403204697695401e-07,
                    0.17364802956581116,
                    0.9848077893257141,
                    3.9564473628997803
                ],
                [
                    0.0,
                    0.0,
                    0.0,
                    1.0
                ]
            ]
        },
        {
            "file_path": "./A/r_005",
            "rotation": 0.09519977738150888,
            "time": 0.0,
            "transform_matrix": [
                [
                    0.8660253882408142,
                    -0.49240395426750183,
                    0.08682393282651901,
                    0.3812379240989685
                ],
                [
                    0.5000000596046448,
                    0.8528684973716736,
                    -0.15038365125656128,
                    -0.6108327507972717
                ],
                [
                    1.0403204697695401e-07,
                    0.17364802956581116,
                    0.9848077893257141,
                    3.9564473628997803
                ],
                [
                    0.0,
                    0.0,
                    0.0,
                    1.0
                ]
            ]
        },
        {
            "file_path": "./A/r_006",
            "rotation": 0.09519977738150888,
            "time": 0.0,
            "transform_matrix": [
                [
                    -4.371138828673793e-08,
                    -0.8660253882408142,
                    0.5,
                    2.0360805988311768
                ],
                [
                    1.0,
                    -7.856590400479035e-08,
                    -4.8657359030812586e-08,
                    -0.008519276976585388
                ],
                [
                    8.142146157297248e-08,
                    0.5,
                    0.8660253882408142,
                    3.480703115463257
                ],
                [
                    0.0,
                    0.0,
                    0.0,
                    1.0
                ]
            ]
        },
        {
            "file_path": "./A/r_007",
            "rotation": 0.09519977738150888,
            "time": 0.0,
            "transform_matrix": [
                [
                    -0.8660253882408142,
                    -0.4330127239227295,
                    0.2500000596046448,
                    1.034786343574524
                ],
                [
                    0.5000000596046448,
                    -0.7499999403953552,
                    0.4330127537250519,
                    1.7257732152938843
                ],
                [
                    1.5457549906727763e-08,
                    0.5000000596046448,
                    0.8660253882408142,
                    3.480703115463257
                ],
                [
                    0.0,
                    0.0,
                    0.0,
                    1.0
                ]
            ]
        },
        {
            "file_path": "./A/r_008",
            "rotation": 0.09519977738150888,
            "time": 0.0,
            "transform_matrix": [
                [
                    -0.8660253882408142,
                    0.4330127239227295,
                    -0.2500000596046448,
                    -0.9678021669387817
                ],
                [
                    -0.5000000596046448,
                    -0.7499999403953552,
                    0.4330127537250519,
                    1.7257732152938843
                ],
                [
                    -1.5457549906727763e-08,
                    0.5000000596046448,
                    0.8660253882408142,
                    3.480703115463257
                ],
                [
                    0.0,
                    0.0,
                    0.0,
                    1.0
                ]
            ]
        },
        {
            "file_path": "./A/r_009",
            "rotation": 0.09519977738150888,
            "time": 0.0,
            "transform_matrix": [
                [
                    -4.371138828673793e-08,
                    0.8660253882408142,
                    -0.5,
                    -1.9690964221954346
                ],
                [
                    -1.0,
                    -7.856590400479035e-08,
                    -4.8657359030812586e-08,
                    -0.008519276976585388
                ],
                [
                    -8.142146157297248e-08,
                    0.5,
                    0.8660253882408142,
                    3.480703115463257
                ],
                [
                    0.0,
                    0.0,
                    0.0,
                    1.0
                ]
            ]
        },
        {
            "file_path": "./A/r_010",
            "rotation": 0.09519977738150888,
            "time": 0.0,
            "transform_matrix": [
                [
                    0.8660253286361694,
                    0.43301284313201904,
                    -0.2499999850988388,
                    -0.9678021669387817
                ],
                [
                    -0.5000001192092896,
                    0.7499999403953552,
                    -0.4330126643180847,
                    -1.7428117990493774
                ],
                [
                    -6.642716954274874e-08,
                    0.4999999701976776,
                    0.866025447845459,
                    3.480703115463257
                ],
                [
                    0.0,
                    0.0,
                    0.0,
                    1.0
                ]
            ]
        },
        {
            "file_path": "./A/r_011",
            "rotation": 0.09519977738150888,
            "time": 0.0,
            "transform_matrix": [
                [
                    0.8660253286361694,
                    -0.43301284313201904,
                    0.2499999850988388,
                    1.034786343574524
                ],
                [
                    0.5000001192092896,
                    0.7499999403953552,
                    -0.4330126643180847,
                    -1.7428117990493774
                ],
                [
                    6.642716954274874e-08,
                    0.4999999701976776,
                    0.866025447845459,
                    3.480703115463257
                ],
                [
                    0.0,
                    0.0,
                    0.0,
                    1.0
                ]
            ]
        },
        {
            "file_path": "./A/r_012",
            "rotation": 0.09519977738150888,
            "time": 0.0,
            "transform_matrix": [
                [
                    7.549790126404332e-08,
                    -0.6427876353263855,
                    0.7660444378852844,
                    3.101635694503784
                ],
                [
                    1.0,
                    -9.993644134453916e-09,
                    -1.0694117236198508e-07,
                    -0.008519276976585388
                ],
                [
                    7.639603438747145e-08,
                    0.7660444378852844,
                    0.6427876353263855,
                    2.5865962505340576
                ],
                [
                    0.0,
                    0.0,
                    0.0,
                    1.0
                ]
            ]
        },
        {
            "file_path": "./A/r_013",
            "rotation": 0.09519977738150888,
            "time": 0.0,
            "transform_matrix": [
                [
                    -0.8660253882408142,
                    -0.32139381766319275,
                    0.383022278547287,
                    1.5675638914108276
                ],
                [
                    0.5000000596046448,
                    -0.5566703081130981,
                    0.6634140014648438,
                    2.648571014404297
                ],
                [
                    -2.966229395440223e-08,
                    0.7660444974899292,
                    0.642787516117096,
                    2.5865962505340576
                ],
                [
                    0.0,
                    0.0,
                    0.0,
                    1.0
                ]
            ]
        },
        {
            "file_path": "./A/r_014",
            "rotation": 0.09519977738150888,
            "time": 0.0,
            "transform_matrix": [
                [
                    -0.8660253882408142,
                    0.32139381766319275,
                    -0.383022278547287,
                    -1.5005797147750854
                ],
                [
                    -0.5000000596046448,
                    -0.5566703081130981,
                    0.6634140014648438,
                    2.648571014404297
                ],
                [
                    2.966229395440223e-08,
                    0.7660444974899292,
                    0.642787516117096,
                    2.5865962505340576
                ],
                [
                    0.0,
                    0.0,
                    0.0,
                    1.0
                ]
            ]
        },
        {
            "file_path": "./A/r_015",
            "rotation": 0.09519977738150888,
            "time": 0.0,
            "transform_matrix": [
                [
                    7.549790126404332e-08,
                    0.6427876353263855,
                    -0.7660444378852844,
                    -3.034651517868042
                ],
                [
                    -1.0,
                    -9.993644134453916e-09,
                    -1.0694117236198508e-07,
                    -0.008519276976585388
                ],
                [
                    -7.639603438747145e-08,
                    0.7660444378852844,
                    0.6427876353263855,
                    2.5865962505340576
                ],
                [
                    0.0,
                    0.0,
                    0.0,
                    1.0
                ]
            ]
        },
        {
            "file_path": "./A/r_016",
            "rotation": 0.09519977738150888,
            "time": 0.0,
            "transform_matrix": [
                [
                    0.8660253882408142,
                    0.32139381766319275,
                    -0.3830222189426422,
                    -1.5005797147750854
                ],
                [
                    -0.5,
                    0.5566703081130981,
                    -0.6634140014648438,
                    -2.66560959815979
                ],
                [
                    -5.482100107201404e-08,
                    0.7660444974899292,
                    0.6427875757217407,
                    2.5865962505340576
                ],
                [
                    0.0,
                    0.0,
                    0.0,
                    1.0
                ]
            ]
        },
        {
            "file_path": "./A/r_017",
            "rotation": 0.09519977738150888,
            "time": 0.0,
            "transform_matrix": [
                [
                    0.8660253882408142,
                    -0.32139381766319275,
                    0.3830222189426422,
                    1.5675638914108276
                ],
                [
                    0.5,
                    0.5566703081130981,
                    -0.6634140014648438,
                    -2.66560959815979
                ],
                [
                    5.482100107201404e-08,
                    0.7660444974899292,
                    0.6427875757217407,
                    2.5865962505340576
                ],
                [
                    0.0,
                    0.0,
                    0.0,
                    1.0
                ]
            ]
        },
        {
            "file_path": "./A/r_018",
            "rotation": 0.09519977738150888,
            "time": 0.0,
            "transform_matrix": [
                [
                    -4.371138828673793e-08,
                    -0.34202003479003906,
                    0.9396926760673523,
                    3.7971274852752686
                ],
                [
                    1.0,
                    -1.495017087904671e-08,
                    4.107527118435428e-08,
                    -0.008519276976585388
                ],
                [
                    0.0,
                    0.9396926760673523,
                    0.34202003479003906,
                    1.3819692134857178
                ],
                [
                    0.0,
                    0.0,
                    0.0,
                    1.0
                ]
            ]
        },
        {
            "file_path": "./A/r_019",
            "rotation": 0.09519977738150888,
            "time": 0.0,
            "transform_matrix": [
                [
                    -0.8660253882408142,
                    -0.17101018130779266,
                    0.46984630823135376,
                    1.9153097867965698
                ],
                [
                    0.5000000596046448,
                    -0.2961982190608978,
                    0.813797652721405,
                    3.250884532928467
                ],
                [
                    -4.2118056597928444e-08,
                    0.9396925568580627,
                    0.34202027320861816,
                    1.3819692134857178
                ],
                [
                    0.0,
                    0.0,
                    0.0,
                    1.0
                ]
            ]
        },
        {
            "file_path": "./A/r_020",
            "rotation": 0.09519977738150888,
            "time": 0.0,
            "transform_matrix": [
                [
                    -0.8660253882408142,
                    0.17101018130779266,
                    -0.46984630823135376,
                    -1.8483256101608276
                ],
                [
                    -0.5000000596046448,
                    -0.2961982190608978,
                    0.813797652721405,
                    3.250884532928467
                ],
                [
                    4.2118056597928444e-08,
                    0.9396925568580627,
                    0.34202027320861816,
                    1.3819692134857178
                ],
                [
                    0.0,
                    0.0,
                    0.0,
                    1.0
                ]
            ]
        },
        {
            "file_path": "./A/r_021",
            "rotation": 0.09519977738150888,
            "time": 0.0,
            "transform_matrix": [
                [
                    -4.371138828673793e-08,
                    0.34202003479003906,
                    -0.9396926760673523,
                    -3.7301433086395264
                ],
                [
                    -1.0,
                    -1.495017087904671e-08,
                    4.107527118435428e-08,
                    -0.008519276976585388
                ],
                [
                    0.0,
                    0.9396926760673523,
                    0.34202003479003906,
                    1.3819692134857178
                ],
                [
                    0.0,
                    0.0,
                    0.0,
                    1.0
                ]
            ]
        },
        {
            "file_path": "./A/r_022",
            "rotation": 0.09519977738150888,
            "time": 0.0,
            "transform_matrix": [
                [
                    0.8660253882408142,
                    0.17101015150547028,
                    -0.46984630823135376,
                    -1.8483256101608276
                ],
                [
                    -0.5,
                    0.2961982190608978,
                    -0.813797652721405,
                    -3.26792311668396
                ],
                [
                    -1.8537260615403284e-08,
                    0.9396925568580627,
                    0.34202027320861816,
                    1.3819692134857178
                ],
                [
                    0.0,
                    0.0,
                    0.0,
                    1.0
                ]
            ]
        },
        {
            "file_path": "./A/r_023",
            "rotation": 0.09519977738150888,
            "time": 0.0,
            "transform_matrix": [
                [
                    0.8660253882408142,
                    -0.17101015150547028,
                    0.46984630823135376,
                    1.9153097867965698
                ],
                [
                    0.5,
                    0.2961982190608978,
                    -0.813797652721405,
                    -3.26792311668396
                ],
                [
                    1.8537260615403284e-08,
                    0.9396925568580627,
                    0.34202027320861816,
                    1.3819692134857178
                ],
                [
                    0.0,
                    0.0,
                    0.0,
                    1.0
                ]
            ]
        },
        {
            "file_path": "./A/r_024",
            "rotation": 0.09519977738150888,
            "time": 0.0,
            "transform_matrix": [
                [
                    -4.371138828673793e-08,
                    -0.17364798486232758,
                    0.9848077893257141,
                    3.9778215885162354
                ],
                [
                    1.0,
                    -1.6656966295158782e-07,
                    1.5015015009112176e-08,
                    -0.008519276976585388
                ],
                [
                    1.6143177106187068e-07,
                    0.9848077893257141,
                    0.17364798486232758,
                    0.7076096534729004
                ],
                [
                    0.0,
                    0.0,
                    0.0,
                    1.0
                ]
            ]
        },
        {
            "file_path": "./A/r_025",
            "rotation": 0.09519977738150888,
            "time": 0.0,
            "transform_matrix": [
                [
                    -0.8660253882408142,
                    -0.0868242010474205,
                    0.49240389466285706,
                    2.0056567192077637
                ],
                [
                    0.5000000596046448,
                    -0.15038371086120605,
                    0.8528684973716736,
                    3.4073703289031982
                ],
                [
                    -1.0181381071561191e-07,
                    0.9848077297210693,
                    0.17364822328090668,
                    0.7076096534729004
                ],
                [
                    0.0,
                    0.0,
                    0.0,
                    1.0
                ]
            ]
        },
        {
            "file_path": "./A/r_026",
            "rotation": 0.09519977738150888,
            "time": 0.0,
            "transform_matrix": [
                [
                    -0.8660253882408142,
                    0.08682417124509811,
                    -0.49240389466285706,
                    -1.938672661781311
                ],
                [
                    -0.5000000596046448,
                    -0.15038372576236725,
                    0.8528684973716736,
                    3.4073703289031982
                ],
                [
                    6.556911102961749e-08,
                    0.9848077297210693,
                    0.17364822328090668,
                    0.7076096534729004
                ],
                [
                    0.0,
                    0.0,
                    0.0,
                    1.0
                ]
            ]
        },
        {
            "file_path": "./A/r_027",
            "rotation": 0.09519977738150888,
            "time": 0.0,
            "transform_matrix": [
                [
                    -4.371138828673793e-08,
                    0.17364798486232758,
                    -0.9848077893257141,
                    -3.910837411880493
                ],
                [
                    -1.0,
                    -1.6656966295158782e-07,
                    1.5015015009112176e-08,
                    -0.008519276976585388
                ],
                [
                    -1.6143177106187068e-07,
                    0.9848077893257141,
                    0.17364798486232758,
                    0.7076096534729004
                ],
                [
                    0.0,
                    0.0,
                    0.0,
                    1.0
                ]
            ]
        },
        {
            "file_path": "./A/r_028",
            "rotation": 0.09519977738150888,
            "time": 0.0,
            "transform_matrix": [
                [
                    0.8660253882408142,
                    0.08682407438755035,
                    -0.49240389466285706,
                    -1.938672661781311
                ],
                [
                    -0.5,
                    0.15038365125656128,
                    -0.8528685569763184,
                    -3.4244086742401123
                ],
                [
                    -2.2285446377168228e-08,
                    0.9848077893257141,
                    0.17364810407161713,
                    0.7076096534729004
                ],
                [
                    0.0,
                    0.0,
                    0.0,
                    1.0
                ]
            ]
        },
        {
            "file_path": "./A/r_029",
            "rotation": 0.09519977738150888,
            "time": 0.0,
            "transform_matrix": [
                [
                    0.8660253882408142,
                    -0.08682406693696976,
                    0.49240389466285706,
                    2.0056567192077637
                ],
                [
                    0.5,
                    0.15038365125656128,
                    -0.8528685569763184,
                    -3.4244086742401123
                ],
                [
                    2.006578725399777e-08,
                    0.9848077893257141,
                    0.17364810407161713,
                    0.7076096534729004
                ],
                [
                    0.0,
                    0.0,
                    0.0,
                    1.0
                ]
            ]
        },
        {
            "file_path": "./A/r_030",
            "rotation": 0.09519977738150888,
            "time": 0.0,
            "transform_matrix": [
                [
                    -4.371138828673793e-08,
                    4.371138828673793e-08,
                    1.0,
                    4.038669109344482
                ],
                [
                    1.0,
                    1.910685676922942e-15,
                    4.371138828673793e-08,
                    -0.008519276976585388
                ],
                [
                    0.0,
                    1.0,
                    -4.371138828673793e-08,
                    0.012117944657802582
                ],
                [
                    0.0,
                    0.0,
                    0.0,
                    1.0
                ]
            ]
        },
        {
            "file_path": "./A/r_031",
            "rotation": 0.09519977738150888,
            "time": 0.0,
            "transform_matrix": [
                [
                    -0.8660253882408142,
                    -3.102908507912616e-08,
                    0.5000000596046448,
                    2.0360805988311768
                ],
                [
                    0.5000000596046448,
                    6.838821775545512e-08,
                    0.8660253882408142,
                    3.4600658416748047
                ],
                [
                    -6.1066089074302e-08,
                    1.0,
                    -4.371138828673793e-08,
                    0.012117944657802582
                ],
                [
                    0.0,
                    0.0,
                    0.0,
                    1.0
                ]
            ]
        },
        {
            "file_path": "./A/r_032",
            "rotation": 0.09519977738150888,
            "time": 0.0,
            "transform_matrix": [
                [
                    -0.8660253882408142,
                    3.102908507912616e-08,
                    -0.5000000596046448,
                    -1.9690964221954346
                ],
                [
                    -0.5000000596046448,
                    6.838821775545512e-08,
                    0.8660253882408142,
                    3.4600658416748047
                ],
                [
                    6.1066089074302e-08,
                    1.0,
                    -4.371138828673793e-08,
                    0.012117944657802582
                ],
                [
                    0.0,
                    0.0,
                    0.0,
                    1.0
                ]
            ]
        },
        {
            "file_path": "./A/r_033",
            "rotation": 0.09519977738150888,
            "time": 0.0,
            "transform_matrix": [
                [
                    -4.371138828673793e-08,
                    -4.371138828673793e-08,
                    -1.0,
                    -3.9716849327087402
                ],
                [
                    -1.0,
                    1.910685676922942e-15,
                    4.371138828673793e-08,
                    -0.008519276976585388
                ],
                [
                    0.0,
                    1.0,
                    -4.371138828673793e-08,
                    0.012117944657802582
                ],
                [
                    0.0,
                    0.0,
                    0.0,
                    1.0
                ]
            ]
        },
        {
            "file_path": "./A/r_034",
            "rotation": 0.09519977738150888,
            "time": 0.0,
            "transform_matrix": [
                [
                    0.866025447845459,
                    -2.961778378107738e-09,
                    -0.4999999701976776,
                    -1.9690964221954346
                ],
                [
                    -0.4999999701976776,
                    -4.876358161709504e-08,
                    -0.866025447845459,
                    -3.477104425430298
                ],
                [
                    -2.1816813244868172e-08,
                    1.0,
                    -4.371138828673793e-08,
                    0.012117944657802582
                ],
                [
                    0.0,
                    0.0,
                    0.0,
                    1.0
                ]
            ]
        },
        {
            "file_path": "./A/r_035",
            "rotation": 0.09519977738150888,
            "time": 0.0,
            "transform_matrix": [
                [
                    0.866025447845459,
                    2.961778378107738e-09,
                    0.4999999701976776,
                    2.0360805988311768
                ],
                [
                    0.4999999701976776,
                    -4.876358161709504e-08,
                    -0.866025447845459,
                    -3.477104425430298
                ],
                [
                    2.1816813244868172e-08,
                    1.0,
                    -4.371138828673793e-08,
                    0.012117944657802582
                ],
                [
                    0.0,
                    0.0,
                    0.0,
                    1.0
                ]
            ]
        },
        {
            "file_path": "./A/r_036",
            "rotation": 0.09519977738150888,
            "time": 0.0,
            "transform_matrix": [
                [
                    1.9470718370939721e-07,
                    0.1736481934785843,
                    0.9848077297210693,
                    3.9778215885162354
                ],
                [
                    1.0,
                    -1.4053011909709312e-07,
                    -1.7293160681219888e-07,
                    -0.008519276976585388
                ],
                [
                    1.0836588870688502e-07,
                    0.9848077297210693,
                    -0.1736481934785843,
                    -0.683373749256134
                ],
                [
                    0.0,
                    0.0,
                    0.0,
                    1.0
                ]
            ]
        },
        {
            "file_path": "./A/r_037",
            "rotation": 0.09519977738150888,
            "time": 0.0,
            "transform_matrix": [
                [
                    -0.8660253882408142,
                    0.08682399243116379,
                    0.49240392446517944,
                    2.0056567192077637
                ],
                [
                    0.5000000596046448,
                    0.15038366615772247,
                    0.8528684973716736,
                    3.4073703289031982
                ],
                [
                    -6.104583860633284e-08,
                    0.9848077893257141,
                    -0.17364807426929474,
                    -0.683373749256134
                ],
                [
                    0.0,
                    0.0,
                    0.0,
                    1.0
                ]
            ]
        },
        {
            "file_path": "./A/r_038",
            "rotation": 0.09519977738150888,
            "time": 0.0,
            "transform_matrix": [
                [
                    -0.8660253882408142,
                    -0.08682413399219513,
                    -0.49240389466285706,
                    -1.938672661781311
                ],
                [
                    -0.5000000596046448,
                    0.150383859872818,
                    0.8528684973716736,
                    3.4073703289031982
                ],
                [
                    2.891488115608354e-08,
                    0.9848077297210693,
                    -0.17364829778671265,
                    -0.683373749256134
                ],
                [
                    0.0,
                    0.0,
                    0.0,
                    1.0
                ]
            ]
        },
        {
            "file_path": "./A/r_039",
            "rotation": 0.09519977738150888,
            "time": 0.0,
            "transform_matrix": [
                [
                    1.9470718370939721e-07,
                    -0.1736481934785843,
                    -0.9848077297210693,
                    -3.910837411880493
                ],
                [
                    -1.0,
                    -1.4053011909709312e-07,
                    -1.7293160681219888e-07,
                    -0.008519276976585388
                ],
                [
                    -1.0836588870688502e-07,
                    0.9848077297210693,
                    -0.1736481934785843,
                    -0.683373749256134
                ],
                [
                    0.0,
                    0.0,
                    0.0,
                    1.0
                ]
            ]
        },
        {
            "file_path": "./A/r_040",
            "rotation": 0.09519977738150888,
            "time": 0.0,
            "transform_matrix": [
                [
                    0.866025447845459,
                    -0.08682401478290558,
                    -0.4924038052558899,
                    -1.938672661781311
                ],
                [
                    -0.49999991059303284,
                    -0.15038378536701202,
                    -0.8528685569763184,
                    -3.4244086742401123
                ],
                [
                    -7.536508661587504e-08,
                    0.9848077297210693,
                    -0.1736481934785843,
                    -0.683373749256134
                ],
                [
                    0.0,
                    0.0,
                    0.0,
                    1.0
                ]
            ]
        },
        {
            "file_path": "./A/r_041",
            "rotation": 0.09519977738150888,
            "time": 0.0,
            "transform_matrix": [
                [
                    0.866025447845459,
                    0.08682403713464737,
                    0.4924038350582123,
                    2.0056567192077637
                ],
                [
                    0.4999999701976776,
                    -0.15038377046585083,
                    -0.8528685569763184,
                    -3.4244086742401123
                ],
                [
                    6.04094410050493e-08,
                    0.9848077297210693,
                    -0.1736481934785843,
                    -0.683373749256134
                ],
                [
                    0.0,
                    0.0,
                    0.0,
                    1.0
                ]
            ]
        },
        {
            "file_path": "./A/r_042",
            "rotation": 0.09519977738150888,
            "time": 0.0,
            "transform_matrix": [
                [
                    -4.371138828673793e-08,
                    0.3420202434062958,
                    0.9396926164627075,
                    3.7971274852752686
                ],
                [
                    1.0,
                    1.4950179760830906e-08,
                    4.10752676316406e-08,
                    -0.008519276976585388
                ],
                [
                    0.0,
                    0.9396926164627075,
                    -0.3420202434062958,
                    -1.3577332496643066
                ],
                [
                    0.0,
                    0.0,
                    0.0,
                    1.0
                ]
            ]
        },
        {
            "file_path": "./A/r_043",
            "rotation": 0.09519977738150888,
            "time": 0.0,
            "transform_matrix": [
                [
                    -0.8660255074501038,
                    0.17101000249385834,
                    0.4698461592197418,
                    1.9153097867965698
                ],
                [
                    0.4999998211860657,
                    0.2961982786655426,
                    0.8137977123260498,
                    3.250884532928467
                ],
                [
                    -6.35124237646778e-08,
                    0.9396926164627075,
                    -0.3420202434062958,
                    -1.3577332496643066
                ],
                [
                    0.0,
                    0.0,
                    0.0,
                    1.0
                ]
            ]
        },
        {
            "file_path": "./A/r_044",
            "rotation": 0.09519977738150888,
            "time": 0.0,
            "transform_matrix": [
                [
                    -0.8660255074501038,
                    -0.17101000249385834,
                    -0.4698461592197418,
