{
    "camera_angle_x": 0.691111147403717,
    "frames": [
        {
            "file_path": "./G/r_000",
            "rotation": 0.09519977738150888,
            "time": 0.7,
            "transform_matrix": [
                [
                    -4.371138828673793e-08,
                    -0.9848077297210693,
                    0.1736481934785843,
                    0.7960066795349121
                ],
                [
                    1.0,
                    -8.041304511152703e-08,
                    -2.0432116798474453e-07,
                    -0.08108627796173096
                ],
                [
                    2.1518064841075102e-07,
                    0.1736481934785843,
                    0.9848077297210693,
                    4.441474437713623
                ],
                [
                    0.0,
                    0.0,
                    0.0,
                    1.0
                ]
            ]
        },
        {
            "file_path": "./G/r_001",
            "rotation": 0.09519977738150888,
            "time": 0.7,
            "transform_matrix": [
                [
                    -0.8660253882408142,
                    -0.49240389466285706,
                    0.08682429045438766,
                    0.3945964276790619
                ],
                [
                    0.5000000596046448,
                    -0.8528684973716736,
                    0.1503838449716568,
                    0.6141766905784607
                ],
                [
                    1.1135612254520311e-07,
                    0.17364837229251862,
                    0.9848077297210693,
                    4.441474437713623
                ],
                [
                    0.0,
                    0.0,
                    0.0,
                    1.0
                ]
            ]
        },
        {
            "file_path": "./G/r_002",
            "rotation": 0.09519977738150888,
            "time": 0.7,
            "transform_matrix": [
                [
                    -0.8660253882408142,
                    0.49240389466285706,
                    -0.08682429045438766,
                    -0.40822407603263855
                ],
                [
                    -0.5000000596046448,
                    -0.8528684973716736,
                    0.1503838449716568,
                    0.6141766905784607
                ],
                [
                    -1.1135612254520311e-07,
                    0.17364837229251862,
                    0.9848077297210693,
                    4.441474437713623
                ],
                [
                    0.0,
                    0.0,
                    0.0,
                    1.0
                ]
            ]
        },
        {
            "file_path": "./G/r_003",
            "rotation": 0.09519977738150888,
            "time": 0.7,
            "transform_matrix": [
                [
                    -4.371138828673793e-08,
                    0.9848077297210693,
                    -0.1736481934785843,
                    -0.8096343278884888
                ],
                [
                    -1.0,
                    -8.041304511152703e-08,
                    -2.0432116798474453e-07,
                    -0.08108627796173096
                ],
                [
                    -2.1518064841075102e-07,
                    0.1736481934785843,
                    0.9848077297210693,
                    4.441474437713623
                ],
                [
                    0.0,
                    0.0,
                    0.0,
                    1.0
                ]
            ]
        },
        {
            "file_path": "./G/r_004",
            "rotation": 0.09519977738150888,
            "time": 0.7,
            "transform_matrix": [
                [
                    0.8660253882408142,
                    0.49240395426750183,
                    -0.08682393282651901,
                    -0.40822407603263855
                ],
                [
                    -0.5000000596046448,
                    0.8528684973716736,
                    -0.15038365125656128,
                    -0.7763492465019226
                ],
                [
                    -1.0403204697695401e-07,
                    0.17364802956581116,
                    0.9848077893257141,
                    4.441474437713623
                ],
                [
                    0.0,
                    0.0,
                    0.0,
                    1.0
                ]
            ]
        },
        {
            "file_path": "./G/r_005",
            "rotation": 0.09519977738150888,
            "time": 0.7,
            "transform_matrix": [
                [
                    0.8660253882408142,
                    -0.49240395426750183,
                    0.08682393282651901,
                    0.3945964276790619
                ],
                [
                    0.5000000596046448,
                    0.8528684973716736,
                    -0.15038365125656128,
                    -0.7763492465019226
                ],
                [
                    1.0403204697695401e-07,
                    0.17364802956581116,
                    0.9848077893257141,
                    4.441474437713623
                ],
                [
                    0.0,
                    0.0,
                    0.0,
                    1.0
                ]
            ]
        },
        {
            "file_path": "./G/r_006",
            "rotation": 0.09519977738150888,
            "time": 0.7,
            "transform_matrix": [
                [
                    -4.371138828673793e-08,
                    -0.8660253882408142,
                    0.5,
                    2.3048157691955566
                ],
                [
                    1.0,
                    3.338859499990576e-08,
                    1.4525352298733196e-07,
                    -0.08108627796173096
                ],
                [
                    -1.4248753643641976e-07,
                    0.5,
                    0.8660253882408142,
                    3.89231276512146
                ],
                [
                    0.0,
                    0.0,
                    0.0,
                    1.0
                ]
            ]
        },
        {
            "file_path": "./G/r_007",
            "rotation": 0.09519977738150888,
            "time": 0.7,
            "transform_matrix": [
                [
                    -0.8660253882408142,
                    -0.43301281332969666,
                    0.24999991059303284,
                    1.1490010023117065
                ],
                [
                    0.5000000596046448,
                    -0.75,
                    0.43301263451576233,
                    1.9208436012268066
                ],
                [
                    -8.578432897365929e-08,
                    0.49999991059303284,
                    0.866025447845459,
                    3.89231276512146
                ],
                [
                    0.0,
                    0.0,
                    0.0,
                    1.0
                ]
            ]
        },
        {
            "file_path": "./G/r_008",
            "rotation": 0.09519977738150888,
            "time": 0.7,
            "transform_matrix": [
                [
                    -0.8660253882408142,
                    0.43301281332969666,
                    -0.24999991059303284,
                    -1.1626286506652832
                ],
                [
                    -0.5000000596046448,
                    -0.75,
                    0.43301263451576233,
                    1.9208436012268066
                ],
                [
                    8.578432897365929e-08,
                    0.49999991059303284,
                    0.866025447845459,
                    3.89231276512146
                ],
                [
                    0.0,
                    0.0,
                    0.0,
                    1.0
                ]
            ]
        },
        {
            "file_path": "./G/r_009",
            "rotation": 0.09519977738150888,
            "time": 0.7,
            "transform_matrix": [
                [
                    -4.371138828673793e-08,
                    0.8660253882408142,
                    -0.5,
                    -2.3184432983398438
                ],
                [
                    -1.0,
                    3.338859499990576e-08,
                    1.4525352298733196e-07,
                    -0.08108627796173096
                ],
                [
                    1.4248753643641976e-07,
                    0.5,
                    0.8660253882408142,
                    3.89231276512146
                ],
                [
                    0.0,
                    0.0,
                    0.0,
                    1.0
                ]
            ]
        },
        {
            "file_path": "./G/r_010",
            "rotation": 0.09519977738150888,
            "time": 0.7,
            "transform_matrix": [
                [
                    0.8660253286361694,
                    0.4330127537250519,
                    -0.2500002384185791,
                    -1.1626286506652832
                ],
                [
                    -0.5000001788139343,
                    0.7499998807907104,
                    -0.4330127537250519,
                    -2.0830161571502686
                ],
                [
                    7.705857285600359e-08,
                    0.5000001788139343,
                    0.8660253286361694,
                    3.89231276512146
                ],
                [
                    0.0,
                    0.0,
                    0.0,
                    1.0
                ]
            ]
        },
        {
            "file_path": "./G/r_011",
            "rotation": 0.09519977738150888,
            "time": 0.7,
            "transform_matrix": [
                [
                    0.8660253286361694,
                    -0.4330127537250519,
                    0.2500002384185791,
                    1.1490010023117065
                ],
                [
                    0.5000001788139343,
                    0.7499998807907104,
                    -0.4330127537250519,
                    -2.0830161571502686
                ],
                [
                    -7.705857285600359e-08,
                    0.5000001788139343,
                    0.8660253286361694,
                    3.89231276512146
                ],
                [
                    0.0,
                    0.0,
                    0.0,
                    1.0
                ]
            ]
        },
        {
            "file_path": "./G/r_012",
            "rotation": 0.09519977738150888,
            "time": 0.7,
            "transform_matrix": [
                [
                    -4.371138828673793e-08,
                    -0.6427876353263855,
                    0.7660444378852844,
                    3.5348081588745117
                ],
                [
                    1.0,
                    5.968699667846522e-08,
                    1.0714450127125019e-07,
                    -0.08108627796173096
                ],
                [
                    -1.1459405158120717e-07,
                    0.7660444378852844,
                    0.6427876353263855,
                    2.860226631164551
                ],
                [
                    0.0,
                    0.0,
                    0.0,
                    1.0
                ]
            ]
        },
        {
            "file_path": "./G/r_013",
            "rotation": 0.09519977738150888,
            "time": 0.7,
            "transform_matrix": [
                [
                    -0.8660253882408142,
                    -0.321393758058548,
                    0.3830223083496094,
                    1.763997197151184
                ],
                [
                    0.5000000596046448,
                    -0.5566703081130981,
                    0.6634140014648438,
                    2.9860482215881348
                ],
                [
                    2.163258905341081e-08,
                    0.7660444974899292,
                    0.642787516117096,
                    2.860226631164551
                ],
                [
                    0.0,
                    0.0,
                    0.0,
                    1.0
                ]
            ]
        },
        {
            "file_path": "./G/r_014",
            "rotation": 0.09519977738150888,
            "time": 0.7,
            "transform_matrix": [
                [
                    -0.8660253882408142,
                    0.321393758058548,
                    -0.3830223083496094,
                    -1.7776248455047607
                ],
                [
                    -0.5000000596046448,
                    -0.5566703081130981,
                    0.6634140014648438,
                    2.9860482215881348
                ],
                [
                    -2.163258905341081e-08,
                    0.7660444974899292,
                    0.642787516117096,
                    2.860226631164551
                ],
                [
                    0.0,
                    0.0,
                    0.0,
                    1.0
                ]
            ]
        },
        {
            "file_path": "./G/r_015",
            "rotation": 0.09519977738150888,
            "time": 0.7,
            "transform_matrix": [
                [
                    -4.371138828673793e-08,
                    0.6427876353263855,
                    -0.7660444378852844,
                    -3.548435688018799
                ],
                [
                    -1.0,
                    5.968699667846522e-08,
                    1.0714450127125019e-07,
                    -0.08108627796173096
                ],
                [
                    1.1459405158120717e-07,
                    0.7660444378852844,
                    0.6427876353263855,
                    2.860226631164551
                ],
                [
                    0.0,
                    0.0,
                    0.0,
                    1.0
                ]
            ]
        },
        {
            "file_path": "./G/r_016",
            "rotation": 0.09519977738150888,
            "time": 0.7,
            "transform_matrix": [
                [
                    0.866025447845459,
                    0.32139378786087036,
                    -0.3830221891403198,
                    -1.7776248455047607
                ],
                [
                    -0.4999999701976776,
                    0.5566704869270325,
                    -0.6634138822555542,
                    -3.1482207775115967
                ],
                [
                    4.965303190829218e-08,
                    0.7660443782806396,
                    0.6427876949310303,
                    2.860226631164551
                ],
                [
                    0.0,
                    0.0,
                    0.0,
                    1.0
                ]
            ]
        },
        {
            "file_path": "./G/r_017",
            "rotation": 0.09519977738150888,
            "time": 0.7,
            "transform_matrix": [
                [
                    0.866025447845459,
                    -0.32139378786087036,
                    0.3830221891403198,
                    1.763997197151184
                ],
                [
                    0.4999999701976776,
                    0.5566704869270325,
                    -0.6634138822555542,
                    -3.1482207775115967
                ],
                [
                    -4.965303190829218e-08,
                    0.7660443782806396,
                    0.6427876949310303,
                    2.860226631164551
                ],
                [
                    0.0,
                    0.0,
                    0.0,
                    1.0
                ]
            ]
        },
        {
            "file_path": "./G/r_018",
            "rotation": 0.09519977738150888,
            "time": 0.7,
            "transform_matrix": [
                [
                    7.549790126404332e-08,
                    -0.3420201539993286,
                    0.9396926164627075,
                    4.3376288414001465
                ],
                [
                    1.0,
                    1.3614005922590877e-07,
                    -3.079225763258364e-08,
                    -0.08108627796173096
                ],
                [
                    -1.1739823690959383e-07,
                    0.9396926164627075,
                    0.3420201539993286,
                    1.469700574874878
                ],
                [
                    0.0,
                    0.0,
                    0.0,
                    1.0
                ]
            ]
        },
        {
            "file_path": "./G/r_019",
            "rotation": 0.09519977738150888,
            "time": 0.7,
            "transform_matrix": [
                [
                    -0.8660253882408142,
                    -0.1710100620985031,
                    0.46984636783599854,
                    2.165407419204712
                ],
                [
                    0.5000000596046448,
                    -0.2961980104446411,
                    0.8137977123260498,
                    3.6813111305236816
                ],
                [
                    -2.848691771362155e-08,
                    0.9396926760673523,
                    0.34202003479003906,
                    1.469700574874878
                ],
                [
                    0.0,
                    0.0,
                    0.0,
                    1.0
                ]
            ]
        },
        {
            "file_path": "./G/r_020",
            "rotation": 0.09519977738150888,
            "time": 0.7,
            "transform_matrix": [
                [
                    -0.8660253882408142,
                    0.1710100620985031,
                    -0.46984636783599854,
                    -2.179034948348999
                ],
                [
                    -0.5000000596046448,
                    -0.2961980104446411,
                    0.8137977123260498,
                    3.6813111305236816
                ],
                [
                    2.848691771362155e-08,
                    0.9396926760673523,
                    0.34202003479003906,
                    1.469700574874878
                ],
                [
                    0.0,
                    0.0,
                    0.0,
                    1.0
                ]
            ]
        },
        {
            "file_path": "./G/r_021",
            "rotation": 0.09519977738150888,
            "time": 0.7,
            "transform_matrix": [
                [
                    -4.371138828673793e-08,
                    0.34202003479003906,
                    -0.9396926760673523,
                    -4.351256370544434
                ],
                [
                    -1.0,
                    -1.959671536155838e-09,
                    4.5803425052781677e-08,
                    -0.08108627796173096
                ],
                [
                    1.382420045104027e-08,
                    0.9396926760673523,
                    0.34202003479003906,
                    1.469700574874878
                ],
                [
                    0.0,
                    0.0,
                    0.0,
                    1.0
                ]
            ]
        },
        {
            "file_path": "./G/r_022",
            "rotation": 0.09519977738150888,
            "time": 0.7,
            "transform_matrix": [
                [
                    0.8660253882408142,
                    0.17101000249385834,
                    -0.4698463976383209,
                    -2.179034948348999
                ],
                [
                    -0.5000000596046448,
                    0.2961980402469635,
                    -0.813797652721405,
                    -3.8434836864471436
                ],
                [
                    4.818645038540126e-08,
                    0.9396926760673523,
                    0.34202003479003906,
                    1.469700574874878
                ],
                [
                    0.0,
                    0.0,
                    0.0,
                    1.0
                ]
            ]
        },
        {
            "file_path": "./G/r_023",
            "rotation": 0.09519977738150888,
            "time": 0.7,
            "transform_matrix": [
                [
                    0.8660253882408142,
                    -0.17101000249385834,
                    0.4698463976383209,
                    2.165407419204712
                ],
                [
                    0.5000000596046448,
                    0.2961980402469635,
                    -0.813797652721405,
                    -3.8434836864471436
                ],
                [
                    -4.818645038540126e-08,
                    0.9396926760673523,
                    0.34202003479003906,
                    1.469700574874878
                ],
                [
                    0.0,
                    0.0,
                    0.0,
                    1.0
                ]
            ]
        },
        {
            "file_path": "./G/r_024",
            "rotation": 0.09519977738150888,
            "time": 0.7,
            "transform_matrix": [
                [
                    -1.6292068494294654e-07,
                    -0.17364798486232758,
                    0.9848077893257141,
                    4.546207427978516
                ],
                [
                    1.0,
                    -6.008669828361235e-08,
                    1.548390997641036e-07,
                    -0.08108627796173096
                ],
                [
                    3.228635492291687e-08,
                    0.9848077893257141,
                    0.17364798486232758,
                    0.6912733912467957
                ],
                [
                    0.0,
                    0.0,
                    0.0,
                    1.0
                ]
            ]
        },
        {
            "file_path": "./G/r_025",
            "rotation": 0.09519977738150888,
            "time": 0.7,
            "transform_matrix": [
                [
                    -0.8660253882408142,
                    -0.08682414144277573,
                    0.49240389466285706,
                    2.2696969509124756
                ],
                [
                    0.5000000596046448,
                    -0.1503836214542389,
                    0.8528685569763184,
                    3.861945867538452
                ],
                [
                    -9.630070962884929e-08,
                    0.9848077893257141,
                    0.17364810407161713,
                    0.6912733912467957
                ],
                [
                    0.0,
                    0.0,
                    0.0,
                    1.0
                ]
            ]
        },
        {
            "file_path": "./G/r_026",
            "rotation": 0.09519977738150888,
            "time": 0.7,
            "transform_matrix": [
                [
                    -0.8660253882408142,
                    0.08682414144277573,
                    -0.49240389466285706,
                    -2.2833244800567627
                ],
                [
                    -0.5000000596046448,
                    -0.1503836214542389,
                    0.8528685569763184,
                    3.861945867538452
                ],
                [
                    9.630070962884929e-08,
                    0.9848077893257141,
                    0.17364810407161713,
                    0.6912733912467957
                ],
                [
                    0.0,
                    0.0,
                    0.0,
                    1.0
                ]
            ]
        },
        {
            "file_path": "./G/r_027",
            "rotation": 0.09519977738150888,
            "time": 0.7,
            "transform_matrix": [
                [
                    -1.6292068494294654e-07,
                    0.17364798486232758,
                    -0.9848077893257141,
                    -4.559835433959961
                ],
                [
                    -1.0,
                    -6.008669828361235e-08,
                    1.548390997641036e-07,
                    -0.08108627796173096
                ],
                [
                    -3.228635492291687e-08,
                    0.9848077893257141,
                    0.17364798486232758,
                    0.6912733912467957
                ],
                [
                    0.0,
                    0.0,
                    0.0,
                    1.0
                ]
            ]
        },
        {
            "file_path": "./G/r_028",
            "rotation": 0.09519977738150888,
            "time": 0.7,
            "transform_matrix": [
                [
                    0.8660253882408142,
                    0.08682405948638916,
                    -0.49240395426750183,
                    -2.2833244800567627
                ],
                [
                    -0.5000000596046448,
                    0.15038366615772247,
                    -0.8528684973716736,
                    -4.024118423461914
                ],
                [
                    3.314720942171334e-09,
                    0.9848077893257141,
                    0.17364810407161713,
                    0.6912733912467957
                ],
                [
                    0.0,
                    0.0,
                    0.0,
                    1.0
                ]
            ]
        },
        {
            "file_path": "./G/r_029",
            "rotation": 0.09519977738150888,
            "time": 0.7,
            "transform_matrix": [
                [
                    0.8660253882408142,
                    -0.08682405948638916,
                    0.49240395426750183,
                    2.2696969509124756
                ],
                [
                    0.5000000596046448,
                    0.15038366615772247,
                    -0.8528684973716736,
                    -4.024118423461914
                ],
                [
                    -3.314720942171334e-09,
                    0.9848077893257141,
                    0.17364810407161713,
                    0.6912733912467957
                ],
                [
                    0.0,
                    0.0,
                    0.0,
                    1.0
                ]
            ]
        },
        {
            "file_path": "./G/r_030",
            "rotation": 0.09519977738150888,
            "time": 0.7,
            "transform_matrix": [
                [
                    -4.371138828673793e-08,
                    4.371138828673793e-08,
                    1.0,
                    4.616445064544678
                ],
                [
                    1.0,
                    1.910685676922942e-15,
                    4.371138828673793e-08,
                    -0.08108627796173096
                ],
                [
                    0.0,
                    1.0,
                    -4.371138828673793e-08,
                    -0.11154714226722717
                ],
                [
                    0.0,
                    0.0,
                    0.0,
                    1.0
                ]
            ]
        },
        {
            "file_path": "./G/r_031",
            "rotation": 0.09519977738150888,
            "time": 0.7,
            "transform_matrix": [
                [
                    -0.8660253882408142,
                    -4.9923009726171585e-08,
                    0.5000000596046448,
                    2.3048157691955566
                ],
                [
                    0.5000000596046448,
                    7.92966332596734e-08,
                    0.8660253882408142,
                    3.922773599624634
                ],
                [
                    -8.288291297731121e-08,
                    1.0,
                    -4.371138828673793e-08,
                    -0.11154714226722717
                ],
                [
                    0.0,
                    0.0,
                    0.0,
                    1.0
                ]
            ]
        },
        {
            "file_path": "./G/r_032",
            "rotation": 0.09519977738150888,
            "time": 0.7,
            "transform_matrix": [
                [
                    -0.8660253882408142,
                    4.9923009726171585e-08,
                    -0.5000000596046448,
                    -2.3184432983398438
                ],
                [
                    -0.5000000596046448,
                    7.92966332596734e-08,
                    0.8660253882408142,
                    3.922773599624634
                ],
                [
                    8.288291297731121e-08,
                    1.0,
                    -4.371138828673793e-08,
                    -0.11154714226722717
                ],
                [
                    0.0,
                    0.0,
                    0.0,
                    1.0
                ]
            ]
        },
        {
            "file_path": "./G/r_033",
            "rotation": 0.09519977738150888,
            "time": 0.7,
            "transform_matrix": [
                [
                    -4.371138828673793e-08,
                    -4.371138828673793e-08,
                    -1.0,
                    -4.630073070526123
                ],
                [
                    -1.0,
                    1.910685676922942e-15,
                    4.371138828673793e-08,
                    -0.08108627796173096
                ],
                [
                    0.0,
                    1.0,
                    -4.371138828673793e-08,
                    -0.11154714226722717
                ],
                [
                    0.0,
                    0.0,
                    0.0,
                    1.0
                ]
            ]
        },
        {
            "file_path": "./G/r_034",
            "rotation": 0.09519977738150888,
            "time": 0.7,
            "transform_matrix": [
                [
                    0.866025447845459,
                    1.2267658000553183e-09,
                    -0.49999991059303284,
                    -2.3184432983398438
                ],
                [
                    -0.49999991059303284,
                    8.646918558952166e-08,
                    -0.866025447845459,
                    -4.084946155548096
                ],
                [
                    4.217217508539761e-08,
                    1.0,
                    7.549790126404332e-08,
                    -0.11154714226722717
                ],
                [
                    0.0,
                    0.0,
                    0.0,
                    1.0
                ]
            ]
        },
        {
            "file_path": "./G/r_035",
            "rotation": 0.09519977738150888,
            "time": 0.7,
            "transform_matrix": [
                [
                    0.866025447845459,
                    -1.2267658000553183e-09,
                    0.49999991059303284,
                    2.3048157691955566
                ],
                [
                    0.49999991059303284,
                    8.646918558952166e-08,
                    -0.866025447845459,
                    -4.084946155548096
                ],
                [
                    -4.217217508539761e-08,
                    1.0,
                    7.549790126404332e-08,
                    -0.11154714226722717
                ],
                [
                    0.0,
                    0.0,
                    0.0,
                    1.0
                ]
            ]
        },
        {
            "file_path": "./G/r_036",
            "rotation": 0.09519977738150888,
            "time": 0.7,
            "transform_matrix": [
                [
                    -1.6292068494294654e-07,
                    0.17364829778671265,
                    0.9848077297210693,
                    4.546207427978516
                ],
                [
                    1.0,
                    6.008675512703121e-08,
                    1.5483907134239416e-07,
                    -0.08108627796173096
                ],
                [
                    -3.228635492291687e-08,
                    0.9848077297210693,
                    -0.17364829778671265,
                    -0.91436767578125
                ],
                [
                    0.0,
                    0.0,
                    0.0,
                    1.0
                ]
            ]
        },
        {
            "file_path": "./G/r_037",
            "rotation": 0.09519977738150888,
            "time": 0.7,
            "transform_matrix": [
                [
                    -0.8660253882408142,
                    0.08682405948638916,
                    0.49240392446517944,
                    2.2696969509124756
                ],
                [
                    0.5000000596046448,
                    0.15038375556468964,
                    0.8528684973716736,
                    3.861945867538452
                ],
                [
                    -4.7418698301271434e-08,
                    0.9848077297210693,
                    -0.1736481934785843,
                    -0.91436767578125
                ],
                [
                    0.0,
                    0.0,
                    0.0,
                    1.0
                ]
            ]
        },
        {
            "file_path": "./G/r_038",
            "rotation": 0.09519977738150888,
            "time": 0.7,
            "transform_matrix": [
                [
                    -0.8660253882408142,
                    -0.08682405948638916,
                    -0.49240392446517944,
                    -2.2833244800567627
                ],
                [
                    -0.5000000596046448,
                    0.15038375556468964,
                    0.8528684973716736,
                    3.861945867538452
                ],
                [
                    4.7418698301271434e-08,
                    0.9848077297210693,
                    -0.1736481934785843,
                    -0.91436767578125
                ],
                [
                    0.0,
                    0.0,
                    0.0,
                    1.0
                ]
            ]
        },
        {
            "file_path": "./G/r_039",
            "rotation": 0.09519977738150888,
            "time": 0.7,
            "transform_matrix": [
                [
                    -1.6292068494294654e-07,
                    -0.17364829778671265,
                    -0.9848077297210693,
                    -4.559835433959961
                ],
                [
                    -1.0,
                    6.008675512703121e-08,
                    1.5483907134239416e-07,
                    -0.08108627796173096
                ],
                [
                    3.228635492291687e-08,
                    0.9848077297210693,
                    -0.17364829778671265,
                    -0.91436767578125
                ],
                [
                    0.0,
                    0.0,
                    0.0,
                    1.0
                ]
            ]
        },
        {
            "file_path": "./G/r_040",
            "rotation": 0.09519977738150888,
            "time": 0.7,
            "transform_matrix": [
                [
                    0.866025447845459,
                    -0.08682407438755035,
                    -0.4924038350582123,
                    -2.2833244800567627
                ],
                [
                    -0.4999999701976776,
                    -0.15038375556468964,
                    -0.8528685569763184,
                    -4.024118423461914
                ],
                [
                    -1.472219501863492e-08,
                    0.9848077297210693,
                    -0.1736481934785843,
                    -0.91436767578125
                ],
                [
                    0.0,
                    0.0,
                    0.0,
                    1.0
                ]
            ]
        },
        {
            "file_path": "./G/r_041",
            "rotation": 0.09519977738150888,
            "time": 0.7,
            "transform_matrix": [
                [
                    0.866025447845459,
                    0.08682407438755035,
                    0.4924038350582123,
                    2.2696969509124756
                ],
                [
                    0.4999999701976776,
                    -0.15038375556468964,
                    -0.8528685569763184,
                    -4.024118423461914
                ],
                [
                    1.472219501863492e-08,
                    0.9848077297210693,
                    -0.1736481934785843,
                    -0.91436767578125
                ],
                [
                    0.0,
                    0.0,
                    0.0,
                    1.0
                ]
            ]
        },
        {
            "file_path": "./G/r_042",
            "rotation": 0.09519977738150888,
            "time": 0.7,
            "transform_matrix": [
                [
                    -1.6292068494294654e-07,
                    0.3420202434062958,
                    0.9396926164627075,
                    4.3376288414001465
                ],
                [
                    1.0,
                    1.6604040808942955e-07,
                    1.1294279289586484e-07,
                    -0.08108627796173096
                ],
                [
                    -1.1739821559331176e-07,
                    0.9396926164627075,
                    -0.3420202434062958,
                    -1.692794919013977
                ],
                [
                    0.0,
                    0.0,
                    0.0,
                    1.0
                ]
            ]
        },
        {
            "file_path": "./G/r_043",
            "rotation": 0.09519977738150888,
            "time": 0.7,
            "transform_matrix": [
                [
                    -0.8660253882408142,
                    0.1710100769996643,
                    0.46984633803367615,
                    2.165407419204712
                ],
                [
                    0.5000000596046448,
                    0.29619836807250977,
                    0.8137975931167603,
                    3.6813111305236816
                ],
                [
                    -1.27691166085242e-07,
                    0.9396925568580627,
                    -0.34202033281326294,
                    -1.692794919013977
                ],
                [
                    0.0,
                    0.0,
                    0.0,
                    1.0
                ]
            ]
        },
        {
            "file_path": "./G/r_044",
            "rotation": 0.09519977738150888,
            "time": 0.7,
            "transform_matrix": [
                [
                    -0.8660253882408142,
