{
    "camera_angle_x": 0.691111147403717,
    "frames": [
        {
            "file_path": "./H/r_000",
            "rotation": 0.09519977738150888,
            "time": 0.8,
            "transform_matrix": [
                [
                    -1.6292068494294654e-07,
                    -0.9848077297210693,
                    0.17364822328090668,
                    0.8328656554222107
                ],
                [
                    1.0,
                    -2.0546653445308038e-07,
                    -2.2703576973981399e-07,
                    -0.07094278931617737
                ],
                [
                    2.592654766431224e-07,
                    0.17364822328090668,
                    0.9848077297210693,
                    4.6124958992004395
                ],
                [
                    0.0,
                    0.0,
                    0.0,
                    1.0
                ]
            ]
        },
        {
            "file_path": "./H/r_001",
            "rotation": 0.09519977738150888,
            "time": 0.8,
            "transform_matrix": [
                [
                    -0.8660253882408142,
                    -0.49240386486053467,
                    0.08682432025671005,
                    0.41690191626548767
                ],
                [
                    0.5000000596046448,
                    -0.8528684973716736,
                    0.1503838449716568,
                    0.6495275497436523
                ],
                [
                    1.3762459616373235e-07,
                    0.1736483871936798,
                    0.9848077297210693,
                    4.6124958992004395
                ],
                [
                    0.0,
                    0.0,
                    0.0,
                    1.0
                ]
            ]
        },
        {
            "file_path": "./H/r_002",
            "rotation": 0.09519977738150888,
            "time": 0.8,
            "transform_matrix": [
                [
                    -0.8660253882408142,
                    0.49240386486053467,
                    -0.08682432025671005,
                    -0.4150255620479584
                ],
                [
                    -0.5000000596046448,
                    -0.8528684973716736,
                    0.1503838449716568,
                    0.6495275497436523
                ],
                [
                    -1.3762459616373235e-07,
                    0.1736483871936798,
                    0.9848077297210693,
                    4.6124958992004395
                ],
                [
                    0.0,
                    0.0,
                    0.0,
                    1.0
                ]
            ]
        },
        {
            "file_path": "./H/r_003",
            "rotation": 0.09519977738150888,
            "time": 0.8,
            "transform_matrix": [
                [
                    -1.6292068494294654e-07,
                    0.9848077297210693,
                    -0.17364822328090668,
                    -0.8309893012046814
                ],
                [
                    -1.0,
                    -2.0546653445308038e-07,
                    -2.2703576973981399e-07,
                    -0.07094278931617737
                ],
                [
                    -2.592654766431224e-07,
                    0.17364822328090668,
                    0.9848077297210693,
                    4.6124958992004395
                ],
                [
                    0.0,
                    0.0,
                    0.0,
                    1.0
                ]
            ]
        },
        {
            "file_path": "./H/r_004",
            "rotation": 0.09519977738150888,
            "time": 0.8,
            "transform_matrix": [
                [
                    0.8660253882408142,
                    0.4924039840698242,
                    -0.08682391792535782,
                    -0.4150255620479584
                ],
                [
                    -0.5000000596046448,
                    0.8528684973716736,
                    -0.1503836214542389,
                    -0.7914131283760071
                ],
                [
                    -1.1094400775846225e-07,
                    0.17364799976348877,
                    0.9848077893257141,
                    4.6124958992004395
                ],
                [
                    0.0,
                    0.0,
                    0.0,
                    1.0
                ]
            ]
        },
        {
            "file_path": "./H/r_005",
            "rotation": 0.09519977738150888,
            "time": 0.8,
            "transform_matrix": [
                [
                    0.8660253882408142,
                    -0.4924039840698242,
                    0.08682391792535782,
                    0.41690191626548767
                ],
                [
                    0.5000000596046448,
                    0.8528684973716736,
                    -0.1503836214542389,
                    -0.7914131283760071
                ],
                [
                    1.1094400775846225e-07,
                    0.17364799976348877,
                    0.9848077893257141,
                    4.6124958992004395
                ],
                [
                    0.0,
                    0.0,
                    0.0,
                    1.0
                ]
            ]
        },
        {
            "file_path": "./H/r_006",
            "rotation": 0.09519977738150888,
            "time": 0.8,
            "transform_matrix": [
                [
                    -4.371138828673793e-08,
                    -0.8660253882408142,
                    0.5000000596046448,
                    2.3963778018951416
                ],
                [
                    1.0,
                    -3.785517321830412e-08,
                    2.1855697696082643e-08,
                    -0.07094278931617737
                ],
                [
                    0.0,
                    0.5000000596046448,
                    0.8660253882408142,
                    4.043424129486084
                ],
                [
                    0.0,
                    0.0,
                    0.0,
                    1.0
                ]
            ]
        },
        {
            "file_path": "./H/r_007",
            "rotation": 0.09519977738150888,
            "time": 0.8,
            "transform_matrix": [
                [
                    -0.8660253882408142,
                    -0.4330127239227295,
                    0.2500000298023224,
                    1.1986579895019531
                ],
                [
                    0.5000000596046448,
                    -0.7499999403953552,
                    0.4330127537250519,
                    2.0035688877105713
                ],
                [
                    -1.826585105391132e-08,
                    0.5000000596046448,
                    0.8660253882408142,
                    4.043424129486084
                ],
                [
                    0.0,
                    0.0,
                    0.0,
                    1.0
                ]
            ]
        },
        {
            "file_path": "./H/r_008",
            "rotation": 0.09519977738150888,
            "time": 0.8,
            "transform_matrix": [
                [
                    -0.8660253882408142,
                    0.4330127239227295,
                    -0.2500000298023224,
                    -1.1967816352844238
                ],
                [
                    -0.5000000596046448,
                    -0.7499999403953552,
                    0.4330127537250519,
                    2.0035688877105713
                ],
                [
                    1.826585105391132e-08,
                    0.5000000596046448,
                    0.8660253882408142,
                    4.043424129486084
                ],
                [
                    0.0,
                    0.0,
                    0.0,
                    1.0
                ]
            ]
        },
        {
            "file_path": "./H/r_009",
            "rotation": 0.09519977738150888,
            "time": 0.8,
            "transform_matrix": [
                [
                    -4.371138828673793e-08,
                    0.8660253882408142,
                    -0.5000000596046448,
                    -2.3945014476776123
                ],
                [
                    -1.0,
                    -3.785517321830412e-08,
                    2.1855697696082643e-08,
                    -0.07094278931617737
                ],
                [
                    0.0,
                    0.5000000596046448,
                    0.8660253882408142,
                    4.043424129486084
                ],
                [
                    0.0,
                    0.0,
                    0.0,
                    1.0
                ]
            ]
        },
        {
            "file_path": "./H/r_010",
            "rotation": 0.09519977738150888,
            "time": 0.8,
            "transform_matrix": [
                [
                    0.8660253286361694,
                    0.43301278352737427,
                    -0.25000011920928955,
                    -1.1967816352844238
                ],
                [
                    -0.5000001192092896,
                    0.7499998807907104,
                    -0.43301278352737427,
                    -2.1454544067382812
                ],
                [
                    -4.362886940612043e-09,
                    0.5000001192092896,
                    0.8660253286361694,
                    4.043424129486084
                ],
                [
                    0.0,
                    0.0,
                    0.0,
                    1.0
                ]
            ]
        },
        {
            "file_path": "./H/r_011",
            "rotation": 0.09519977738150888,
            "time": 0.8,
            "transform_matrix": [
                [
                    0.8660253286361694,
                    -0.43301278352737427,
                    0.25000011920928955,
                    1.1986579895019531
                ],
                [
                    0.5000001192092896,
                    0.7499998807907104,
                    -0.43301278352737427,
                    -2.1454544067382812
                ],
                [
                    4.362886940612043e-09,
                    0.5000001192092896,
                    0.8660253286361694,
                    4.043424129486084
                ],
                [
                    0.0,
                    0.0,
                    0.0,
                    1.0
                ]
            ]
        },
        {
            "file_path": "./H/r_012",
            "rotation": 0.09519977738150888,
            "time": 0.8,
            "transform_matrix": [
                [
                    -4.371138828673793e-08,
                    -0.6427876353263855,
                    0.7660444378852844,
                    3.6709647178649902
                ],
                [
                    1.0,
                    -5.735851971166994e-08,
                    8.931655415267414e-09,
                    -0.07094278931617737
                ],
                [
                    3.819801719373572e-08,
                    0.7660444378852844,
                    0.6427876353263855,
                    2.9739186763763428
                ],
                [
                    0.0,
                    0.0,
                    0.0,
                    1.0
                ]
            ]
        },
        {
            "file_path": "./H/r_013",
            "rotation": 0.09519977738150888,
            "time": 0.8,
            "transform_matrix": [
                [
                    -0.8660253882408142,
                    -0.32139381766319275,
                    0.383022278547287,
                    1.8359514474868774
                ],
                [
                    0.5000000596046448,
                    -0.5566703081130981,
                    0.6634140014648438,
                    3.107393264770508
                ],
                [
                    -4.358618355126964e-08,
                    0.7660444974899292,
                    0.642787516117096,
                    2.9739186763763428
                ],
                [
                    0.0,
                    0.0,
                    0.0,
                    1.0
                ]
            ]
        },
        {
            "file_path": "./H/r_014",
            "rotation": 0.09519977738150888,
            "time": 0.8,
            "transform_matrix": [
                [
                    -0.8660253882408142,
                    0.32139381766319275,
                    -0.383022278547287,
                    -1.8340750932693481
                ],
                [
                    -0.5000000596046448,
                    -0.5566703081130981,
                    0.6634140014648438,
                    3.107393264770508
                ],
                [
                    4.358618355126964e-08,
                    0.7660444974899292,
                    0.642787516117096,
                    2.9739186763763428
                ],
                [
                    0.0,
                    0.0,
                    0.0,
                    1.0
                ]
            ]
        },
        {
            "file_path": "./H/r_015",
            "rotation": 0.09519977738150888,
            "time": 0.8,
            "transform_matrix": [
                [
                    -4.371138828673793e-08,
                    0.6427876353263855,
                    -0.7660444378852844,
                    -3.669088363647461
                ],
                [
                    -1.0,
                    -5.735851971166994e-08,
                    8.931655415267414e-09,
                    -0.07094278931617737
                ],
                [
                    -3.819801719373572e-08,
                    0.7660444378852844,
                    0.6427876353263855,
                    2.9739186763763428
                ],
                [
                    0.0,
                    0.0,
                    0.0,
                    1.0
                ]
            ]
        },
        {
            "file_path": "./H/r_016",
            "rotation": 0.09519977738150888,
            "time": 0.8,
            "transform_matrix": [
                [
                    0.8660253882408142,
                    0.32139384746551514,
                    -0.3830222189426422,
                    -1.8340750932693481
                ],
                [
                    -0.5,
                    0.5566703677177429,
                    -0.663413941860199,
                    -3.249279022216797
                ],
                [
                    -4.0839552184479544e-08,
                    0.7660444378852844,
                    0.6427876353263855,
                    2.9739186763763428
                ],
                [
                    0.0,
                    0.0,
                    0.0,
                    1.0
                ]
            ]
        },
        {
            "file_path": "./H/r_017",
            "rotation": 0.09519977738150888,
            "time": 0.8,
            "transform_matrix": [
                [
                    0.8660253882408142,
                    -0.32139384746551514,
                    0.3830222189426422,
                    1.8359514474868774
                ],
                [
                    0.5,
                    0.5566703677177429,
                    -0.663413941860199,
                    -3.249279022216797
                ],
                [
                    4.0839552184479544e-08,
                    0.7660444378852844,
                    0.6427876353263855,
                    2.9739186763763428
                ],
                [
                    0.0,
                    0.0,
                    0.0,
                    1.0
                ]
            ]
        },
        {
            "file_path": "./H/r_018",
            "rotation": 0.09519977738150888,
            "time": 0.8,
            "transform_matrix": [
                [
                    -4.371138828673793e-08,
                    -0.34202003479003906,
                    0.9396926760673523,
                    4.502892017364502
                ],
                [
                    1.0,
                    -1.495017087904671e-08,
                    4.107527118435428e-08,
                    -0.07094278931617737
                ],
                [
                    0.0,
                    0.9396926760673523,
                    0.34202003479003906,
                    1.5329781770706177
                ],
                [
                    0.0,
                    0.0,
                    0.0,
                    1.0
                ]
            ]
        },
        {
            "file_path": "./H/r_019",
            "rotation": 0.09519977738150888,
            "time": 0.8,
            "transform_matrix": [
                [
                    -0.8660253882408142,
                    -0.17101004719734192,
                    0.46984636783599854,
                    2.251915216445923
                ],
                [
                    0.5000000596046448,
                    -0.2961980402469635,
                    0.8137977123260498,
                    3.8278636932373047
                ],
                [
                    -1.0788181015186638e-08,
                    0.9396926760673523,
                    0.34202003479003906,
                    1.5329781770706177
                ],
                [
                    0.0,
                    0.0,
                    0.0,
                    1.0
                ]
            ]
        },
        {
            "file_path": "./H/r_020",
            "rotation": 0.09519977738150888,
            "time": 0.8,
            "transform_matrix": [
                [
                    -0.8660253882408142,
                    0.17101004719734192,
                    -0.46984636783599854,
                    -2.2500388622283936
                ],
                [
                    -0.5000000596046448,
                    -0.2961980402469635,
                    0.8137977123260498,
                    3.8278636932373047
                ],
                [
                    1.0788181015186638e-08,
                    0.9396926760673523,
                    0.34202003479003906,
                    1.5329781770706177
                ],
                [
                    0.0,
                    0.0,
                    0.0,
                    1.0
                ]
            ]
        },
        {
            "file_path": "./H/r_021",
            "rotation": 0.09519977738150888,
            "time": 0.8,
            "transform_matrix": [
                [
                    -4.371138828673793e-08,
                    0.34202003479003906,
                    -0.9396926760673523,
                    -4.501015663146973
                ],
                [
                    -1.0,
                    -1.495017087904671e-08,
                    4.107527118435428e-08,
                    -0.07094278931617737
                ],
                [
                    0.0,
                    0.9396926760673523,
                    0.34202003479003906,
                    1.5329781770706177
                ],
                [
                    0.0,
                    0.0,
                    0.0,
                    1.0
                ]
            ]
        },
        {
            "file_path": "./H/r_022",
            "rotation": 0.09519977738150888,
            "time": 0.8,
            "transform_matrix": [
                [
                    0.8660253882408142,
                    0.17101004719734192,
                    -0.46984633803367615,
                    -2.2500388622283936
                ],
                [
                    -0.5,
                    0.29619815945625305,
                    -0.813797652721405,
                    -3.9697492122650146
                ],
                [
                    3.806642823178663e-08,
                    0.9396926164627075,
                    0.3420201539993286,
                    1.5329781770706177
                ],
                [
                    0.0,
                    0.0,
                    0.0,
                    1.0
                ]
            ]
        },
        {
            "file_path": "./H/r_023",
            "rotation": 0.09519977738150888,
            "time": 0.8,
            "transform_matrix": [
                [
                    0.8660253882408142,
                    -0.17101004719734192,
                    0.46984633803367615,
                    2.251915216445923
                ],
                [
                    0.5,
                    0.29619815945625305,
                    -0.813797652721405,
                    -3.9697492122650146
                ],
                [
                    -3.806642823178663e-08,
                    0.9396926164627075,
                    0.3420201539993286,
                    1.5329781770706177
                ],
                [
                    0.0,
                    0.0,
                    0.0,
                    1.0
                ]
            ]
        },
        {
            "file_path": "./H/r_024",
            "rotation": 0.09519977738150888,
            "time": 0.8,
            "transform_matrix": [
                [
                    7.549790126404332e-08,
                    -0.17364810407161713,
                    0.9848077893257141,
                    4.719033241271973
                ],
                [
                    1.0,
                    -8.227750214473417e-08,
                    -9.117031396499442e-08,
                    -0.07094278931617737
                ],
                [
                    9.685907542689165e-08,
                    0.9848077893257141,
                    0.17364810407161713,
                    0.7263283729553223
                ],
                [
                    0.0,
                    0.0,
                    0.0,
                    1.0
                ]
            ]
        },
        {
            "file_path": "./H/r_025",
            "rotation": 0.09519977738150888,
            "time": 0.8,
            "transform_matrix": [
                [
                    -0.8660253882408142,
                    -0.08682407438755035,
                    0.49240392446517944,
                    2.359985828399658
                ],
                [
                    0.5000000596046448,
                    -0.15038351714611053,
                    0.8528685569763184,
                    4.015047550201416
                ],
                [
                    -8.92043630074113e-08,
                    0.9848077893257141,
                    0.17364798486232758,
                    0.7263283729553223
                ],
                [
                    0.0,
                    0.0,
                    0.0,
                    1.0
                ]
            ]
        },
        {
            "file_path": "./H/r_026",
            "rotation": 0.09519977738150888,
            "time": 0.8,
            "transform_matrix": [
                [
                    -0.8660253882408142,
                    0.08682407438755035,
                    -0.49240392446517944,
                    -2.358109474182129
                ],
                [
                    -0.5000000596046448,
                    -0.15038351714611053,
                    0.8528685569763184,
                    4.015047550201416
                ],
                [
                    8.92043630074113e-08,
                    0.9848077893257141,
                    0.17364798486232758,
                    0.7263283729553223
                ],
                [
                    0.0,
                    0.0,
                    0.0,
                    1.0
                ]
            ]
        },
        {
            "file_path": "./H/r_027",
            "rotation": 0.09519977738150888,
            "time": 0.8,
            "transform_matrix": [
                [
                    7.549790126404332e-08,
                    0.17364810407161713,
                    -0.9848077893257141,
                    -4.717156887054443
                ],
                [
                    -1.0,
                    -8.227750214473417e-08,
                    -9.117031396499442e-08,
                    -0.07094278931617737
                ],
                [
                    -9.685907542689165e-08,
                    0.9848077893257141,
                    0.17364810407161713,
                    0.7263283729553223
                ],
                [
                    0.0,
                    0.0,
                    0.0,
                    1.0
                ]
            ]
        },
        {
            "file_path": "./H/r_028",
            "rotation": 0.09519977738150888,
            "time": 0.8,
            "transform_matrix": [
                [
                    0.8660253286361694,
                    0.08682406693696976,
                    -0.4924039840698242,
                    -2.358109474182129
                ],
                [
                    -0.5000001192092896,
                    0.15038365125656128,
                    -0.8528684973716736,
                    -4.156932830810547
                ],
                [
                    6.862894252890328e-09,
                    0.9848077893257141,
                    0.17364810407161713,
                    0.7263283729553223
                ],
                [
                    0.0,
                    0.0,
                    0.0,
                    1.0
                ]
            ]
        },
        {
            "file_path": "./H/r_029",
            "rotation": 0.09519977738150888,
            "time": 0.8,
            "transform_matrix": [
                [
                    0.8660253286361694,
                    -0.08682406693696976,
                    0.4924039840698242,
                    2.359985828399658
                ],
                [
                    0.5000001192092896,
                    0.15038365125656128,
                    -0.8528684973716736,
                    -4.156932830810547
                ],
                [
                    -6.862894252890328e-09,
                    0.9848077893257141,
                    0.17364810407161713,
                    0.7263283729553223
                ],
                [
                    0.0,
                    0.0,
                    0.0,
                    1.0
                ]
            ]
        },
        {
            "file_path": "./H/r_030",
            "rotation": 0.09519977738150888,
            "time": 0.8,
            "transform_matrix": [
                [
                    -4.371138828673793e-08,
                    4.371138828673793e-08,
                    1.0,
                    4.791817665100098
                ],
                [
                    1.0,
                    1.910685676922942e-15,
                    4.371138828673793e-08,
                    -0.07094278931617737
                ],
                [
                    0.0,
                    1.0,
                    -4.371138828673793e-08,
                    -0.10559907555580139
                ],
                [
                    0.0,
                    0.0,
                    0.0,
                    1.0
                ]
            ]
        },
        {
            "file_path": "./H/r_031",
            "rotation": 0.09519977738150888,
            "time": 0.8,
            "transform_matrix": [
                [
                    -0.8660253882408142,
                    -3.102908507912616e-08,
                    0.5000000596046448,
                    2.3963778018951416
                ],
                [
                    0.5000000596046448,
                    6.838821775545512e-08,
                    0.8660253882408142,
                    4.078080177307129
                ],
                [
                    -6.1066089074302e-08,
                    1.0,
                    -4.371138828673793e-08,
                    -0.10559907555580139
                ],
                [
                    0.0,
                    0.0,
                    0.0,
                    1.0
                ]
            ]
        },
        {
            "file_path": "./H/r_032",
            "rotation": 0.09519977738150888,
            "time": 0.8,
            "transform_matrix": [
                [
                    -0.8660253882408142,
                    3.102908507912616e-08,
                    -0.5000000596046448,
                    -2.3945014476776123
                ],
                [
                    -0.5000000596046448,
                    6.838821775545512e-08,
                    0.8660253882408142,
                    4.078080177307129
                ],
                [
                    6.1066089074302e-08,
                    1.0,
                    -4.371138828673793e-08,
                    -0.10559907555580139
                ],
                [
                    0.0,
                    0.0,
                    0.0,
                    1.0
                ]
            ]
        },
        {
            "file_path": "./H/r_033",
            "rotation": 0.09519977738150888,
            "time": 0.8,
            "transform_matrix": [
                [
                    -4.371138828673793e-08,
                    -4.371138828673793e-08,
                    -1.0,
                    -4.789941310882568
                ],
                [
                    -1.0,
                    1.910685676922942e-15,
                    4.371138828673793e-08,
                    -0.07094278931617737
                ],
                [
                    0.0,
                    1.0,
                    -4.371138828673793e-08,
                    -0.10559907555580139
                ],
                [
                    0.0,
                    0.0,
                    0.0,
                    1.0
                ]
            ]
        },
        {
            "file_path": "./H/r_034",
            "rotation": 0.09519977738150888,
            "time": 0.8,
            "transform_matrix": [
                [
                    0.8660253882408142,
                    -2.1855697696082643e-08,
                    -0.5000000596046448,
                    -2.3945014476776123
                ],
                [
                    -0.5000000596046448,
                    -3.785517321830412e-08,
                    -0.8660253882408142,
                    -4.219965934753418
                ],
                [
                    0.0,
                    1.0,
                    -4.371138828673793e-08,
                    -0.10559907555580139
                ],
                [
                    0.0,
                    0.0,
                    0.0,
                    1.0
                ]
            ]
        },
        {
            "file_path": "./H/r_035",
            "rotation": 0.09519977738150888,
            "time": 0.8,
            "transform_matrix": [
                [
                    0.8660253882408142,
                    2.1855697696082643e-08,
                    0.5000000596046448,
                    2.3963778018951416
                ],
                [
                    0.5000000596046448,
                    -3.785517321830412e-08,
                    -0.8660253882408142,
                    -4.219965934753418
                ],
                [
                    0.0,
                    1.0,
                    -4.371138828673793e-08,
                    -0.10559907555580139
                ],
                [
                    0.0,
                    0.0,
                    0.0,
                    1.0
                ]
            ]
        },
        {
            "file_path": "./H/r_036",
            "rotation": 0.09519977738150888,
            "time": 0.8,
            "transform_matrix": [
                [
                    -4.371138828673793e-08,
                    0.17364829778671265,
                    0.9848077297210693,
                    4.719033241271973
                ],
                [
                    1.0,
                    -7.756522535373733e-08,
                    5.806256098139784e-08,
                    -0.07094278931617737
                ],
                [
                    8.646929927635938e-08,
                    0.9848077297210693,
                    -0.17364829778671265,
                    -0.937526524066925
                ],
                [
                    0.0,
                    0.0,
                    0.0,
                    1.0
                ]
            ]
        },
        {
            "file_path": "./H/r_037",
            "rotation": 0.09519977738150888,
            "time": 0.8,
            "transform_matrix": [
                [
                    -0.8660253882408142,
                    0.08682404458522797,
                    0.49240392446517944,
                    2.359985828399658
                ],
                [
                    0.5000000596046448,
                    0.15038377046585083,
                    0.8528684973716736,
                    4.015047550201416
                ],
                [
                    -6.750578052105993e-08,
                    0.9848077297210693,
                    -0.1736481934785843,
                    -0.937526524066925
                ],
                [
                    0.0,
                    0.0,
                    0.0,
                    1.0
                ]
            ]
        },
        {
            "file_path": "./H/r_038",
            "rotation": 0.09519977738150888,
            "time": 0.8,
            "transform_matrix": [
                [
                    -0.8660253882408142,
                    -0.08682404458522797,
                    -0.49240392446517944,
                    -2.358109474182129
                ],
                [
                    -0.5000000596046448,
                    0.15038377046585083,
                    0.8528684973716736,
                    4.015047550201416
                ],
                [
                    6.750578052105993e-08,
                    0.9848077297210693,
                    -0.1736481934785843,
                    -0.937526524066925
                ],
                [
                    0.0,
                    0.0,
                    0.0,
                    1.0
                ]
            ]
        },
        {
            "file_path": "./H/r_039",
            "rotation": 0.09519977738150888,
            "time": 0.8,
            "transform_matrix": [
                [
                    -4.371138828673793e-08,
                    -0.17364829778671265,
                    -0.9848077297210693,
                    -4.717156887054443
                ],
                [
                    -1.0,
                    -7.756522535373733e-08,
                    5.806256098139784e-08,
                    -0.07094278931617737
                ],
                [
                    -8.646929927635938e-08,
                    0.9848077297210693,
                    -0.17364829778671265,
                    -0.937526524066925
                ],
                [
                    0.0,
                    0.0,
                    0.0,
                    1.0
                ]
            ]
        },
        {
            "file_path": "./H/r_040",
            "rotation": 0.09519977738150888,
            "time": 0.8,
            "transform_matrix": [
                [
                    0.8660253882408142,
                    -0.08682410418987274,
                    -0.49240395426750183,
                    -2.358109474182129
                ],
                [
                    -0.5000000596046448,
                    -0.15038374066352844,
                    -0.8528684973716736,
                    -4.156932830810547
                ],
                [
                    -3.314720942171334e-09,
                    0.9848077297210693,
                    -0.1736481934785843,
                    -0.937526524066925
                ],
                [
                    0.0,
                    0.0,
                    0.0,
                    1.0
                ]
            ]
        },
        {
            "file_path": "./H/r_041",
            "rotation": 0.09519977738150888,
            "time": 0.8,
            "transform_matrix": [
                [
                    0.8660253882408142,
                    0.08682410418987274,
                    0.49240395426750183,
                    2.359985828399658
                ],
                [
                    0.5000000596046448,
                    -0.15038374066352844,
                    -0.8528684973716736,
                    -4.156932830810547
                ],
                [
                    3.314720942171334e-09,
                    0.9848077297210693,
                    -0.1736481934785843,
                    -0.937526524066925
                ],
                [
                    0.0,
                    0.0,
                    0.0,
                    1.0
                ]
            ]
        },
        {
            "file_path": "./H/r_042",
            "rotation": 0.09519977738150888,
            "time": 0.8,
            "transform_matrix": [
                [
                    -4.371138828673793e-08,
                    0.3420202434062958,
                    0.9396926164627075,
                    4.502892017364502
                ],
                [
                    1.0,
                    1.4950179760830906e-08,
                    4.10752676316406e-08,
                    -0.07094278931617737
                ],
                [
                    0.0,
                    0.9396926164627075,
                    -0.3420202434062958,
                    -1.7441762685775757
                ],
                [
                    0.0,
                    0.0,
                    0.0,
                    1.0
                ]
            ]
        },
        {
            "file_path": "./H/r_043",
            "rotation": 0.09519977738150888,
            "time": 0.8,
            "transform_matrix": [
                [
                    -0.8660255074501038,
                    0.17101000249385834,
                    0.4698461592197418,
                    2.251915216445923
                ],
                [
                    0.4999998211860657,
                    0.2961982786655426,
                    0.8137977123260498,
                    3.8278636932373047
                ],
                [
                    -6.35124237646778e-08,
                    0.9396926164627075,
                    -0.3420202434062958,
                    -1.7441762685775757
                ],
                [
                    0.0,
                    0.0,
                    0.0,
                    1.0
                ]
            ]
        },
        {
            "file_path": "./H/r_044",
            "rotation": 0.09519977738150888,
            "time": 0.8,
            "transform_matrix": [
                [
                    -0.8660255074501038,
                    -0.17101000249385834,
                    -0.4698461592197418,
