{
    "camera_angle_x": 0.6911112070083618,
    "frames": [
        {
            "file_path": "./D/r_000",
            "rotation": 0.09519977738150888,
            "time": 0.8,
            "transform_matrix": [
                [
                    -4.371138828673793e-08,
                    -0.9848077297210693,
                    0.1736481934785843,
                    0.7542431354522705
                ],
                [
                    1.0,
                    -2.2086053874659228e-08,
                    1.2646762570511783e-07,
                    0.046462222933769226
                ],
                [
                    -1.207110926770838e-07,
                    0.1736481934785843,
                    0.9848077297210693,
                    3.9967994689941406
                ],
                [
                    0.0,
                    0.0,
                    0.0,
                    1.0
                ]
            ]
        },
        {
            "file_path": "./D/r_001",
            "rotation": 0.09519977738150888,
            "time": 0.8,
            "transform_matrix": [
                [
                    -0.8660253882408142,
                    -0.49240392446517944,
                    0.0868239775300026,
                    0.38936182856559753
                ],
                [
                    0.5000000596046448,
                    -0.8528684973716736,
                    0.15038365125656128,
                    0.6784551739692688
                ],
                [
                    -6.708631161700396e-08,
                    0.17364805936813354,
                    0.9848077893257141,
                    3.9967994689941406
                ],
                [
                    0.0,
                    0.0,
                    0.0,
                    1.0
                ]
            ]
        },
        {
            "file_path": "./D/r_002",
            "rotation": 0.09519977738150888,
            "time": 0.8,
            "transform_matrix": [
                [
                    -0.8660253882408142,
                    0.49240392446517944,
                    -0.0868239775300026,
                    -0.3404007852077484
                ],
                [
                    -0.5000000596046448,
                    -0.8528684973716736,
                    0.15038365125656128,
                    0.6784551739692688
                ],
                [
                    6.708631161700396e-08,
                    0.17364805936813354,
                    0.9848077893257141,
                    3.9967994689941406
                ],
                [
                    0.0,
                    0.0,
                    0.0,
                    1.0
                ]
            ]
        },
        {
            "file_path": "./D/r_003",
            "rotation": 0.09519977738150888,
            "time": 0.8,
            "transform_matrix": [
                [
                    -4.371138828673793e-08,
                    0.9848077297210693,
                    -0.1736481934785843,
                    -0.7052820920944214
                ],
                [
                    -1.0,
                    -2.2086053874659228e-08,
                    1.2646762570511783e-07,
                    0.046462222933769226
                ],
                [
                    1.207110926770838e-07,
                    0.1736481934785843,
                    0.9848077297210693,
                    3.9967994689941406
                ],
                [
                    0.0,
                    0.0,
                    0.0,
                    1.0
                ]
            ]
        },
        {
            "file_path": "./D/r_004",
            "rotation": 0.09519977738150888,
            "time": 0.8,
            "transform_matrix": [
                [
                    0.8660253882408142,
                    0.49240392446517944,
                    -0.08682422339916229,
                    -0.3404007852077484
                ],
                [
                    -0.5000000596046448,
                    0.8528684973716736,
                    -0.1503838300704956,
                    -0.5855307579040527
                ],
                [
                    5.64871527330979e-08,
                    0.17364832758903503,
                    0.9848077297210693,
                    3.9967994689941406
                ],
                [
                    0.0,
                    0.0,
                    0.0,
                    1.0
                ]
            ]
        },
        {
            "file_path": "./D/r_005",
            "rotation": 0.09519977738150888,
            "time": 0.8,
            "transform_matrix": [
                [
                    0.8660253882408142,
                    -0.49240392446517944,
                    0.08682422339916229,
                    0.38936182856559753
                ],
                [
                    0.5000000596046448,
                    0.8528684973716736,
                    -0.1503838300704956,
                    -0.5855307579040527
                ],
                [
                    -5.64871527330979e-08,
                    0.17364832758903503,
                    0.9848077297210693,
                    3.9967994689941406
                ],
                [
                    0.0,
                    0.0,
                    0.0,
                    1.0
                ]
            ]
        },
        {
            "file_path": "./D/r_006",
            "rotation": 0.09519977738150888,
            "time": 0.8,
            "transform_matrix": [
                [
                    -4.371138828673793e-08,
                    -0.8660253882408142,
                    0.5,
                    2.1257481575012207
                ],
                [
                    1.0,
                    -1.7499807825060998e-08,
                    5.711222073045974e-08,
                    0.046462222933769226
                ],
                [
                    -4.071073078648624e-08,
                    0.5,
                    0.8660253882408142,
                    3.497612476348877
                ],
                [
                    0.0,
                    0.0,
                    0.0,
                    1.0
                ]
            ]
        },
        {
            "file_path": "./D/r_007",
            "rotation": 0.09519977738150888,
            "time": 0.8,
            "transform_matrix": [
                [
                    -0.8660253882408142,
                    -0.4330127239227295,
                    0.2500000596046448,
                    1.075114369392395
                ],
                [
                    0.5000000596046448,
                    -0.7499999403953552,
                    0.43301281332969666,
                    1.8662134408950806
                ],
                [
                    -3.3167012247758976e-08,
                    0.5000001192092896,
                    0.8660253286361694,
                    3.497612476348877
                ],
                [
                    0.0,
                    0.0,
                    0.0,
                    1.0
                ]
            ]
        },
        {
            "file_path": "./D/r_008",
            "rotation": 0.09519977738150888,
            "time": 0.8,
            "transform_matrix": [
                [
                    -0.8660253882408142,
                    0.4330127239227295,
                    -0.2500000596046448,
                    -1.026153326034546
                ],
                [
                    -0.5000000596046448,
                    -0.7499999403953552,
                    0.43301281332969666,
                    1.8662134408950806
                ],
                [
                    3.3167012247758976e-08,
                    0.5000001192092896,
                    0.8660253286361694,
                    3.497612476348877
                ],
                [
                    0.0,
                    0.0,
                    0.0,
                    1.0
                ]
            ]
        },
        {
            "file_path": "./D/r_009",
            "rotation": 0.09519977738150888,
            "time": 0.8,
            "transform_matrix": [
                [
                    -4.371138828673793e-08,
                    0.8660253882408142,
                    -0.5000000596046448,
                    -2.076787233352661
                ],
                [
                    -1.0,
                    -3.785517321830412e-08,
                    2.1855697696082643e-08,
                    0.046462222933769226
                ],
                [
                    0.0,
                    0.5000000596046448,
                    0.8660253882408142,
                    3.497612476348877
                ],
                [
                    0.0,
                    0.0,
                    0.0,
                    1.0
                ]
            ]
        },
        {
            "file_path": "./D/r_010",
            "rotation": 0.09519977738150888,
            "time": 0.8,
            "transform_matrix": [
                [
                    0.8660253286361694,
                    0.4330127537250519,
                    -0.25000014901161194,
                    -1.026153326034546
                ],
                [
                    -0.5000001192092896,
                    0.7499998807907104,
                    -0.4330127537250519,
                    -1.7732889652252197
                ],
                [
                    3.734603382099522e-08,
                    0.5000001192092896,
                    0.8660253286361694,
                    3.497612476348877
                ],
                [
                    0.0,
                    0.0,
                    0.0,
                    1.0
                ]
            ]
        },
        {
            "file_path": "./D/r_011",
            "rotation": 0.09519977738150888,
            "time": 0.8,
            "transform_matrix": [
                [
                    0.8660253286361694,
                    -0.4330127537250519,
                    0.25000014901161194,
                    1.075114369392395
                ],
                [
                    0.5000001192092896,
                    0.7499998807907104,
                    -0.4330127537250519,
                    -1.7732889652252197
                ],
                [
                    -3.734603382099522e-08,
                    0.5000001192092896,
                    0.8660253286361694,
                    3.497612476348877
                ],
                [
                    0.0,
                    0.0,
                    0.0,
                    1.0
                ]
            ]
        },
        {
            "file_path": "./D/r_012",
            "rotation": 0.09519977738150888,
            "time": 0.8,
            "transform_matrix": [
                [
                    7.549790126404332e-08,
                    -0.6427876353263855,
                    0.7660444378852844,
                    3.243809461593628
                ],
                [
                    1.0,
                    -9.993644134453916e-09,
                    -1.0694117236198508e-07,
                    0.046462222933769226
                ],
                [
                    7.639603438747145e-08,
                    0.7660444378852844,
                    0.6427876353263855,
                    2.559447765350342
                ],
                [
                    0.0,
                    0.0,
                    0.0,
                    1.0
                ]
            ]
        },
        {
            "file_path": "./D/r_013",
            "rotation": 0.09519977738150888,
            "time": 0.8,
            "transform_matrix": [
                [
                    -0.8660253882408142,
                    -0.32139378786087036,
                    0.383022278547287,
                    1.6341450214385986
                ],
                [
                    0.5000000596046448,
                    -0.5566701889038086,
                    0.6634140610694885,
                    2.8344829082489014
                ],
                [
                    -6.891754367188696e-08,
                    0.7660446166992188,
                    0.6427873969078064,
                    2.559447765350342
                ],
                [
                    0.0,
                    0.0,
                    0.0,
                    1.0
                ]
            ]
        },
        {
            "file_path": "./D/r_014",
            "rotation": 0.09519977738150888,
            "time": 0.8,
            "transform_matrix": [
                [
                    -0.8660253882408142,
                    0.32139378786087036,
                    -0.383022278547287,
                    -1.5851839780807495
                ],
                [
                    -0.5000000596046448,
                    -0.5566701889038086,
                    0.6634140610694885,
                    2.8344829082489014
                ],
                [
                    6.891754367188696e-08,
                    0.7660446166992188,
                    0.6427873969078064,
                    2.559447765350342
                ],
                [
                    0.0,
                    0.0,
                    0.0,
                    1.0
                ]
            ]
        },
        {
            "file_path": "./D/r_015",
            "rotation": 0.09519977738150888,
            "time": 0.8,
            "transform_matrix": [
                [
                    7.549790126404332e-08,
                    0.6427876353263855,
                    -0.7660444378852844,
                    -3.1948482990264893
                ],
                [
                    -1.0,
                    -9.993644134453916e-09,
                    -1.0694117236198508e-07,
                    0.046462222933769226
                ],
                [
                    -7.639603438747145e-08,
                    0.7660444378852844,
                    0.6427876353263855,
                    2.559447765350342
                ],
                [
                    0.0,
                    0.0,
                    0.0,
                    1.0
                ]
            ]
        },
        {
            "file_path": "./D/r_016",
            "rotation": 0.09519977738150888,
            "time": 0.8,
            "transform_matrix": [
                [
                    0.866025447845459,
                    0.32139378786087036,
                    -0.38302212953567505,
                    -1.5851839780807495
                ],
                [
                    -0.49999991059303284,
                    0.5566705465316772,
                    -0.663413941860199,
                    -2.741558313369751
                ],
                [
                    2.1805250938200516e-08,
                    0.7660443782806396,
                    0.6427876949310303,
                    2.559447765350342
                ],
                [
                    0.0,
                    0.0,
                    0.0,
                    1.0
                ]
            ]
        },
        {
            "file_path": "./D/r_017",
            "rotation": 0.09519977738150888,
            "time": 0.8,
            "transform_matrix": [
                [
                    0.866025447845459,
                    -0.32139378786087036,
                    0.38302212953567505,
                    1.6341450214385986
                ],
                [
                    0.49999991059303284,
                    0.5566705465316772,
                    -0.663413941860199,
                    -2.741558313369751
                ],
                [
                    -2.1805250938200516e-08,
                    0.7660443782806396,
                    0.6427876949310303,
                    2.559447765350342
                ],
                [
                    0.0,
                    0.0,
                    0.0,
                    1.0
                ]
            ]
        },
        {
            "file_path": "./D/r_018",
            "rotation": 0.09519977738150888,
            "time": 0.8,
            "transform_matrix": [
                [
                    -4.371138828673793e-08,
                    -0.34202003479003906,
                    0.9396926760673523,
                    3.973572015762329
                ],
                [
                    1.0,
                    3.048290864171577e-08,
                    5.761155463801515e-08,
                    0.046462222933769226
                ],
                [
                    -4.834887334936866e-08,
                    0.9396926760673523,
                    0.34202003479003906,
                    1.2954617738723755
                ],
                [
                    0.0,
                    0.0,
                    0.0,
                    1.0
                ]
            ]
        },
        {
            "file_path": "./D/r_019",
            "rotation": 0.09519977738150888,
            "time": 0.8,
            "transform_matrix": [
                [
                    -0.8660253882408142,
                    -0.1710101068019867,
                    0.46984633803367615,
                    1.9990262985229492
                ],
                [
                    0.5000000596046448,
                    -0.2961979806423187,
                    0.8137977123260498,
                    3.46647572517395
                ],
                [
                    -8.509059767902727e-08,
                    0.9396926760673523,
                    0.34202003479003906,
                    1.2954617738723755
                ],
                [
                    0.0,
                    0.0,
                    0.0,
                    1.0
                ]
            ]
        },
        {
            "file_path": "./D/r_020",
            "rotation": 0.09519977738150888,
            "time": 0.8,
            "transform_matrix": [
                [
                    -0.8660253882408142,
                    0.1710101068019867,
                    -0.46984633803367615,
                    -1.9500652551651
                ],
                [
                    -0.5000000596046448,
                    -0.2961979806423187,
                    0.8137977123260498,
                    3.46647572517395
                ],
                [
                    8.509059767902727e-08,
                    0.9396926760673523,
                    0.34202003479003906,
                    1.2954617738723755
                ],
                [
                    0.0,
                    0.0,
                    0.0,
                    1.0
                ]
            ]
        },
        {
            "file_path": "./D/r_021",
            "rotation": 0.09519977738150888,
            "time": 0.8,
            "transform_matrix": [
                [
                    -4.371138828673793e-08,
                    0.34202003479003906,
                    -0.9396926760673523,
                    -3.9246110916137695
                ],
                [
                    -1.0,
                    -1.495017087904671e-08,
                    4.107527118435428e-08,
                    0.046462222933769226
                ],
                [
                    0.0,
                    0.9396926760673523,
                    0.34202003479003906,
                    1.2954617738723755
                ],
                [
                    0.0,
                    0.0,
                    0.0,
                    1.0
                ]
            ]
        },
        {
            "file_path": "./D/r_022",
            "rotation": 0.09519977738150888,
            "time": 0.8,
            "transform_matrix": [
                [
                    0.8660253882408142,
                    0.17101001739501953,
                    -0.4698463976383209,
                    -1.9500652551651
                ],
                [
                    -0.5000000596046448,
                    0.2961980402469635,
                    -0.813797652721405,
                    -3.373551368713379
                ],
                [
                    2.4605654402876098e-08,
                    0.9396926760673523,
                    0.34202003479003906,
                    1.2954617738723755
                ],
                [
                    0.0,
                    0.0,
                    0.0,
                    1.0
                ]
            ]
        },
        {
            "file_path": "./D/r_023",
            "rotation": 0.09519977738150888,
            "time": 0.8,
            "transform_matrix": [
                [
                    0.8660253882408142,
                    -0.17101001739501953,
                    0.4698463976383209,
                    1.9990262985229492
                ],
                [
                    0.5000000596046448,
                    0.2961980402469635,
                    -0.813797652721405,
                    -3.373551368713379
                ],
                [
                    -2.4605654402876098e-08,
                    0.9396926760673523,
                    0.34202003479003906,
                    1.2954617738723755
                ],
                [
                    0.0,
                    0.0,
                    0.0,
                    1.0
                ]
            ]
        },
        {
            "file_path": "./D/r_024",
            "rotation": 0.09519977738150888,
            "time": 0.8,
            "transform_matrix": [
                [
                    -1.6292068494294654e-07,
                    -0.17364798486232758,
                    0.9848077893257141,
                    4.163169860839844
                ],
                [
                    1.0,
                    -6.008669828361235e-08,
                    1.548390997641036e-07,
                    0.046462222933769226
                ],
                [
                    3.228635492291687e-08,
                    0.9848077893257141,
                    0.17364798486232758,
                    0.5878726243972778
                ],
                [
                    0.0,
                    0.0,
                    0.0,
                    1.0
                ]
            ]
        },
        {
            "file_path": "./D/r_025",
            "rotation": 0.09519977738150888,
            "time": 0.8,
            "transform_matrix": [
                [
                    -0.8660253882408142,
                    -0.08682411164045334,
                    0.49240392446517944,
                    2.093825340270996
                ],
                [
                    0.5000000596046448,
                    -0.15038377046585083,
                    0.8528684973716736,
                    3.6306724548339844
                ],
                [
                    8.446158439312512e-09,
                    0.9848077297210693,
                    0.17364822328090668,
                    0.5878726243972778
                ],
                [
                    0.0,
                    0.0,
                    0.0,
                    1.0
                ]
            ]
        },
        {
            "file_path": "./D/r_026",
            "rotation": 0.09519977738150888,
            "time": 0.8,
            "transform_matrix": [
                [
                    -0.8660253882408142,
                    0.08682411164045334,
                    -0.49240392446517944,
                    -2.0448641777038574
                ],
                [
                    -0.5000000596046448,
                    -0.15038377046585083,
                    0.8528684973716736,
                    3.6306724548339844
                ],
                [
                    -8.446158439312512e-09,
                    0.9848077297210693,
                    0.17364822328090668,
                    0.5878726243972778
                ],
                [
                    0.0,
                    0.0,
                    0.0,
                    1.0
                ]
            ]
        },
        {
            "file_path": "./D/r_027",
            "rotation": 0.09519977738150888,
            "time": 0.8,
            "transform_matrix": [
                [
                    -1.6292068494294654e-07,
                    0.17364798486232758,
                    -0.9848077893257141,
                    -4.114209175109863
                ],
                [
                    -1.0,
                    -6.008669828361235e-08,
                    1.548390997641036e-07,
                    0.046462222933769226
                ],
                [
                    -3.228635492291687e-08,
                    0.9848077893257141,
                    0.17364798486232758,
                    0.5878726243972778
                ],
                [
                    0.0,
                    0.0,
                    0.0,
                    1.0
                ]
            ]
        },
        {
            "file_path": "./D/r_028",
            "rotation": 0.09519977738150888,
            "time": 0.8,
            "transform_matrix": [
                [
                    0.8660253882408142,
                    0.08682404458522797,
                    -0.49240395426750183,
                    -2.0448641777038574
                ],
                [
                    -0.5000000596046448,
                    0.15038366615772247,
                    -0.8528684973716736,
                    -3.537748098373413
                ],
                [
                    2.1818541640072908e-08,
                    0.9848077893257141,
                    0.17364810407161713,
                    0.5878726243972778
                ],
                [
                    0.0,
                    0.0,
                    0.0,
                    1.0
                ]
            ]
        },
        {
            "file_path": "./D/r_029",
            "rotation": 0.09519977738150888,
            "time": 0.8,
            "transform_matrix": [
                [
                    0.8660253882408142,
                    -0.08682404458522797,
                    0.49240395426750183,
                    2.093825340270996
                ],
                [
                    0.5000000596046448,
                    0.15038366615772247,
                    -0.8528684973716736,
                    -3.537748098373413
                ],
                [
                    -2.1818541640072908e-08,
                    0.9848077893257141,
                    0.17364810407161713,
                    0.5878726243972778
                ],
                [
                    0.0,
                    0.0,
                    0.0,
                    1.0
                ]
            ]
        },
        {
            "file_path": "./D/r_030",
            "rotation": 0.09519977738150888,
            "time": 0.8,
            "transform_matrix": [
                [
                    -4.371138828673793e-08,
                    4.371138828673793e-08,
                    1.0,
                    4.227015972137451
                ],
                [
                    1.0,
                    1.910685676922942e-15,
                    4.371138828673793e-08,
                    0.046462222933769226
                ],
                [
                    0.0,
                    1.0,
                    -4.371138828673793e-08,
                    -0.1418900191783905
                ],
                [
                    0.0,
                    0.0,
                    0.0,
                    1.0
                ]
            ]
        },
        {
            "file_path": "./D/r_031",
            "rotation": 0.09519977738150888,
            "time": 0.8,
            "transform_matrix": [
                [
                    -0.8660253882408142,
                    -1.4666480474545551e-08,
                    0.5000000596046448,
                    2.1257481575012207
                ],
                [
                    0.5000000596046448,
                    5.89412643137166e-08,
                    0.8660253882408142,
                    3.685964584350586
                ],
                [
                    -4.217217863811129e-08,
                    1.0,
                    -4.371138828673793e-08,
                    -0.1418900191783905
                ],
                [
                    0.0,
                    0.0,
                    0.0,
                    1.0
                ]
            ]
        },
        {
            "file_path": "./D/r_032",
            "rotation": 0.09519977738150888,
            "time": 0.8,
            "transform_matrix": [
                [
                    -0.8660253882408142,
                    -7.474047691857777e-08,
                    -0.5000000596046448,
                    -2.076787233352661
                ],
                [
                    -0.5000000596046448,
                    7.322126016617858e-09,
                    0.8660253882408142,
                    3.685964584350586
                ],
                [
                    -6.1066089074302e-08,
                    1.0,
                    -4.371138828673793e-08,
                    -0.1418900191783905
                ],
                [
                    0.0,
                    0.0,
                    0.0,
                    1.0
                ]
            ]
        },
        {
            "file_path": "./D/r_033",
            "rotation": 0.09519977738150888,
            "time": 0.8,
            "transform_matrix": [
                [
                    -4.371138828673793e-08,
                    -4.371138828673793e-08,
                    -1.0,
                    -4.1780548095703125
                ],
                [
                    -1.0,
                    1.910685676922942e-15,
                    4.371138828673793e-08,
                    0.046462222933769226
                ],
                [
                    0.0,
                    1.0,
                    -4.371138828673793e-08,
                    -0.1418900191783905
                ],
                [
                    0.0,
                    0.0,
                    0.0,
                    1.0
                ]
            ]
        },
        {
            "file_path": "./D/r_034",
            "rotation": 0.09519977738150888,
            "time": 0.8,
            "transform_matrix": [
                [
                    0.8660253882408142,
                    -2.1855697696082643e-08,
                    -0.5000000596046448,
                    -2.076787233352661
                ],
                [
                    -0.5000000596046448,
                    -3.785517321830412e-08,
                    -0.8660253882408142,
                    -3.5930402278900146
                ],
                [
                    0.0,
                    1.0,
                    -4.371138828673793e-08,
                    -0.1418900191783905
                ],
                [
                    0.0,
                    0.0,
                    0.0,
                    1.0
                ]
            ]
        },
        {
            "file_path": "./D/r_035",
            "rotation": 0.09519977738150888,
            "time": 0.8,
            "transform_matrix": [
                [
                    0.866025447845459,
                    4.227429517555947e-09,
                    0.4999999701976776,
                    2.1257481575012207
                ],
                [
                    0.4999999701976776,
                    -4.8032855914925676e-08,
                    -0.866025447845459,
                    -3.5930402278900146
                ],
                [
                    2.035536539324312e-08,
                    1.0,
                    -4.371138828673793e-08,
                    -0.1418900191783905
                ],
                [
                    0.0,
                    0.0,
                    0.0,
                    1.0
                ]
            ]
        },
        {
            "file_path": "./D/r_036",
            "rotation": 0.09519977738150888,
            "time": 0.8,
            "transform_matrix": [
                [
                    -1.6292068494294654e-07,
                    0.17364829778671265,
                    0.9848077297210693,
                    4.163169860839844
                ],
                [
                    1.0,
                    6.008675512703121e-08,
                    1.5483907134239416e-07,
                    0.046462222933769226
                ],
                [
                    -3.228635492291687e-08,
                    0.9848077297210693,
                    -0.17364829778671265,
                    -0.8716526627540588
                ],
                [
                    0.0,
                    0.0,
                    0.0,
                    1.0
                ]
            ]
        },
        {
            "file_path": "./D/r_037",
            "rotation": 0.09519977738150888,
            "time": 0.8,
            "transform_matrix": [
                [
                    -0.8660253882408142,
                    0.08682402223348618,
                    0.49240392446517944,
                    2.093825340270996
                ],
                [
                    0.5000000596046448,
                    0.15038378536701202,
                    0.8528684973716736,
                    3.6306724548339844
                ],
                [
                    -9.310594606404266e-08,
                    0.9848077297210693,
                    -0.1736481934785843,
                    -0.8716526627540588
                ],
                [
                    0.0,
                    0.0,
                    0.0,
                    1.0
                ]
            ]
        },
        {
            "file_path": "./D/r_038",
            "rotation": 0.09519977738150888,
            "time": 0.8,
            "transform_matrix": [
                [
                    -0.8660253882408142,
                    -0.08682402223348618,
                    -0.49240392446517944,
                    -2.0448641777038574
                ],
                [
                    -0.5000000596046448,
                    0.15038378536701202,
                    0.8528684973716736,
                    3.6306724548339844
                ],
                [
                    9.310594606404266e-08,
                    0.9848077297210693,
                    -0.1736481934785843,
                    -0.8716526627540588
                ],
                [
                    0.0,
                    0.0,
                    0.0,
                    1.0
                ]
            ]
        },
        {
            "file_path": "./D/r_039",
            "rotation": 0.09519977738150888,
            "time": 0.8,
            "transform_matrix": [
                [
                    -1.6292068494294654e-07,
                    -0.17364829778671265,
                    -0.9848077297210693,
                    -4.114209175109863
                ],
                [
                    -1.0,
                    6.008675512703121e-08,
                    1.5483907134239416e-07,
                    0.046462222933769226
                ],
                [
                    3.228635492291687e-08,
                    0.9848077297210693,
                    -0.17364829778671265,
                    -0.8716526627540588
                ],
                [
                    0.0,
                    0.0,
                    0.0,
                    1.0
                ]
            ]
        },
        {
            "file_path": "./D/r_040",
            "rotation": 0.09519977738150888,
            "time": 0.8,
            "transform_matrix": [
                [
                    0.866025447845459,
                    -0.08682408928871155,
                    -0.4924038350582123,
                    -2.0448641777038574
                ],
                [
                    -0.4999999701976776,
                    -0.15038374066352844,
                    -0.8528685569763184,
                    -3.537748098373413
                ],
                [
                    2.198365933736568e-09,
                    0.9848077297210693,
                    -0.1736481934785843,
                    -0.8716526627540588
                ],
                [
                    0.0,
                    0.0,
                    0.0,
                    1.0
                ]
            ]
        },
        {
            "file_path": "./D/r_041",
            "rotation": 0.09519977738150888,
            "time": 0.8,
            "transform_matrix": [
                [
                    0.866025447845459,
                    0.08682408928871155,
                    0.4924038350582123,
                    2.093825340270996
                ],
                [
                    0.4999999701976776,
                    -0.15038374066352844,
                    -0.8528685569763184,
                    -3.537748098373413
                ],
                [
                    -2.198365933736568e-09,
                    0.9848077297210693,
                    -0.1736481934785843,
                    -0.8716526627540588
                ],
                [
                    0.0,
                    0.0,
                    0.0,
                    1.0
                ]
            ]
        },
        {
            "file_path": "./D/r_042",
            "rotation": 0.09519977738150888,
            "time": 0.8,
            "transform_matrix": [
                [
                    -4.371138828673793e-08,
                    0.3420202434062958,
                    0.9396926164627075,
                    3.973572015762329
                ],
                [
                    1.0,
                    7.983533834021728e-08,
                    1.7458994250318938e-08,
                    0.046462222933769226
                ],
                [
                    -6.904934934937046e-08,
                    0.9396926164627075,
                    -0.3420202434062958,
                    -1.5792417526245117
                ],
                [
                    0.0,
                    0.0,
                    0.0,
                    1.0
                ]
            ]
        },
        {
            "file_path": "./D/r_043",
            "rotation": 0.09519977738150888,
            "time": 0.8,
            "transform_matrix": [
                [
                    -0.8660253882408142,
                    0.17101001739501953,
                    0.46984636783599854,
                    1.9990262985229492
                ],
                [
                    0.5000000596046448,
                    0.2961982488632202,
                    0.8137975931167603,
                    3.46647572517395
                ],
                [
                    -1.3357505679323367e-07,
                    0.9396926164627075,
                    -0.3420202434062958,
                    -1.5792417526245117
                ],
                [
                    0.0,
                    0.0,
                    0.0,
                    1.0
                ]
            ]
        },
        {
            "file_path": "./D/r_044",
            "rotation": 0.09519977738150888,
            "time": 0.8,
            "transform_matrix": [
                [
                    -0.8660253882408142,
